0 18 2629.668 0.0335410196625
1 18 2693.347 0.031304951685
2 18 2754.439 0.0380131556175
0 19 2764.142 0.0335410196625
1 19 2828.15 0.031304951685
2 19 2889.578 0.040249223595
0 20 2899.022 0.0290688837075
1 20 2963.322 0.031304951685
2 20 3024.689 0.040249223595
0 21 3033.754 0.031304951685
1 21 3098.14 0.0335410196625
2 21 3159.821 0.04472135955
0 22 3168.618 0.0380131556175
1 22 3233.139 0.040249223595
2 22 3295.063 0.0559016994375
0 23 3303.52 0.0469574275275
1 23 3368.469 0.0514295634825
2 23 3430.748 0.076026311235
Teff 5777 100 
numax 3090 153.7339 
Fe_H -0.02 0.15 
