0 15 2228.749 0.031304951685
1 15 2291.993 0.0335410196625
2 15 2352.222 0.0380131556175
0 16 2362.788 0.03577708764
1 16 2425.595 0.0335410196625
2 16 2485.873 0.0424852915725
0 17 2496.18 0.0380131556175
1 17 2559.162 0.0335410196625
2 17 2619.668 0.040249223595
0 18 2629.668 0.0335410196625
1 18 2693.347 0.031304951685
2 18 2754.439 0.0380131556175
0 19 2764.142 0.0335410196625
1 19 2828.15 0.031304951685
2 19 2889.578 0.040249223595
0 20 2899.022 0.0290688837075
1 20 2963.322 0.031304951685
2 20 3024.689 0.040249223595
0 21 3033.754 0.031304951685
1 21 3098.14 0.0335410196625
2 21 3159.821 0.04472135955
0 22 3168.618 0.0380131556175
1 22 3233.139 0.040249223595
2 22 3295.063 0.0559016994375
0 23 3303.52 0.0469574275275
1 23 3368.469 0.0514295634825
2 23 3430.748 0.076026311235
0 24 3438.992 0.067082039325
1 24 3504.129 0.067082039325
2 24 3566.949 0.09838699101
0 25 3574.893 0.10733126292
1 25 3640.475 0.084970583145
2 25 3703.044 0.149816554492
0 26 3710.717 0.19677398202
1 26 3777.067 0.11627553483
2 26 3839.717 0.32199378876
0 27 3846.993 0.395784032017
1 27 3913.57 0.15205262247
2 27 3976.93 0.666348257295
Teff 5777 100 
numax 3090 153.7339 
Fe_H -0.02 0.15 
