0 17 1566.3468278456 0.25735338308404097e-01
0 18 1654.8630291401 0.28279346299255513e-01
0 19 1744.1026004735998 0.3368315114304279e-01
0 20 1833.5846914079 0.4253366835830611e-01
0 21 1922.6894650612 0.55330097465556116e-01
0 22 2010.9558803341001 0.7248206870617221e-01
0 23 2098.7159960557997 0.9449828706233496e-01
1 16 1519.1258460307001 0.2533305695766899e-01
1 17 1607.0374481195001 0.2659208656921534e-01
1 18 1695.9983811407 0.30381898604506123e-01
1 19 1785.4933971176001 0.3731519579848553e-01
1 20 1874.9863933512 0.4795057674908386e-01
1 21 1963.8087314963 0.6273250037848352e-01
1 22 2051.8711367719 0.8209766953663171e-01
2 16 1558.3094938047 0.25624004590230655e-01
2 17 1646.7425474826998 0.27937591484008123e-01
2 18 1735.9759611288 0.3305816864454707e-01
2 19 1825.5236592688 0.41580578392104e-01
2 20 1914.7839942660999 0.5401949489386951e-01
2 21 2003.2403673835001 0.7079104704871172e-01
2 22 2091.1541311 0.9239281528668133e-01
Teff 6837.2 100
Fe_H -0.25 0.1
Luminosity 3.94 0.1182
numax 1811.511 181.2
Dnu 87.359 0.05
