1 10 561.03 0.325
2 10 582.81 0.695
0 11 588.4 0.315
1 11 607.94 0.205
2 11 629.73 0.46
0 12 633.15 0.47
1 12 653.52 0.3
2 12 676.34 0.85
0 13 679.82 1.17
1 13 701.0 0.405
2 13 726.05 1.03
0 14 729.14 0.605
1 14 750.09 0.34
2 14 774.97 0.635
0 15 777.95 0.33
1 15 799.07 0.28
2 15 823.16 0.5
0 16 826.78 0.55
1 16 847.47 0.305
2 16 870.73 0.465
0 17 874.36 0.235
1 17 895.2 0.185
2 17 918.47 0.675
0 18 922.16 0.305
1 18 943.41 0.275
2 18 968.21 0.82
0 19 970.1 0.445
1 19 992.43 0.285
2 19 1016.27 0.665
0 20 1020.34 0.57
1 20 1040.98 0.325
2 20 1065.85 0.99
0 21 1068.32 0.595
1 21 1090.66 0.43
2 21 1115.81 1.0
0 22 1120.96 0.595
1 22 1139.66 0.87
2 22 1163.08 1.79
0 23 1167.37 1.23
Teff 6276.000000 77.000000
numax 884.700000 12.477136
Fe_H 0.080000 0.100000