2 9 678.06 1.845
0 10 683.11 0.16
1 10 708.44 0.245
2 10 737.13 1.49
0 11 740.81 0.29
1 11 766.65 0.19
2 11 794.18 0.475
0 12 799.38 0.125
1 12 824.98 0.16
2 12 853.87 0.415
0 13 859.59 0.17
1 13 885.6 0.15
2 13 915.62 0.27
0 14 920.33 0.12
1 14 946.18 0.11
2 14 976.48 0.315
0 15 980.25 0.185
1 15 1005.96 0.11
2 15 1035.14 0.235
0 16 1039.37 0.14
1 16 1065.17 0.095
2 16 1094.74 0.21
0 17 1099.23 0.095
1 17 1125.57 0.085
2 17 1155.42 0.22
0 18 1160.0 0.12
1 18 1186.66 0.095
2 18 1217.41 0.23
0 19 1221.47 0.14
1 19 1248.37 0.1
2 19 1278.86 0.26
0 20 1282.88 0.205
1 20 1309.69 0.125
2 20 1340.01 0.305
0 21 1343.8 0.2
1 21 1371.18 0.145
2 21 1400.63 0.355
0 22 1405.44 0.27
1 22 1432.47 0.19
2 22 1461.78 0.595
0 23 1466.08 0.33
1 23 1493.98 0.275
2 23 1524.08 0.75
0 24 1527.84 0.52
1 24 1555.85 0.32
2 24 1587.47 0.845
0 25 1589.73 0.545
1 25 1618.03 0.495
2 25 1646.02 1.31
0 26 1650.76 0.845
1 26 1680.33 0.705
2 26 1709.45 1.795
0 27 1715.92 1.015
1 27 1742.03 0.88
Teff 6193.000000 77.000000
numax 1166.800000 11.827388
Fe_H -0.120000 0.100000