2 10 718.32 3.355
0 11 723.7 1.3
1 11 748.25 1.085
2 11 776.48 1.605
0 12 779.71 0.435
1 12 805.28 0.355
2 12 832.21 1.62
0 13 836.27 0.305
1 13 862.15 0.285
2 13 888.96 2.27
0 14 894.69 0.305
1 14 922.48 0.255
2 14 949.89 0.85
0 15 954.99 0.26
1 15 981.61 0.23
2 15 1011.3 1.205
0 16 1013.98 0.4
1 16 1040.95 0.205
2 16 1068.41 0.71
0 17 1074.07 0.24
1 17 1100.46 0.165
2 17 1127.82 0.73
0 18 1132.4 0.245
1 18 1159.13 0.175
2 18 1186.77 1.055
0 19 1191.43 0.26
1 19 1218.2 0.22
2 19 1247.56 1.08
0 20 1250.79 0.355
1 20 1278.73 0.27
2 20 1307.26 0.88
0 21 1311.29 0.385
1 21 1339.72 0.235
2 21 1367.0 0.665
0 22 1372.08 0.34
1 22 1400.59 0.3
2 22 1429.69 1.16
0 23 1433.12 0.495
1 23 1461.41 0.435
2 23 1488.73 1.64
0 24 1493.75 0.57
1 24 1522.87 0.505
2 24 1548.83 1.98
0 25 1554.92 0.905
1 25 1582.25 0.73
2 25 1610.83 2.105
0 26 1616.21 1.08
1 26 1642.94 0.97
2 26 1672.23 1.86
0 27 1676.0 0.88
1 27 1706.24 1.115
2 27 1729.75 2.415
0 28 1734.73 1.175
1 28 1767.54 0.87
Teff 6344.000000 77.000000
numax 1167.900000 13.351842
Fe_H 0.020000 0.100000