1 9 666.45 0.12
0 10 700.45 0.21
1 10 726.62 0.17
0 11 759.86 0.33
1 11 785.94 0.155
2 11 814.88 0.415
0 12 819.91 0.16
1 12 846.44 0.14
2 12 876.93 0.27
0 13 881.32 0.15
1 13 908.53 0.12
2 13 938.78 0.21
0 14 943.61 0.15
1 14 970.37 0.115
2 14 999.95 0.27
0 15 1004.98 0.155
1 15 1031.3 0.105
2 15 1061.5 0.18
0 16 1065.49 0.125
1 16 1091.87 0.095
2 16 1122.75 0.12
0 17 1127.09 0.11
1 17 1154.1 0.08
2 17 1185.01 0.165
0 18 1189.64 0.12
1 18 1216.9 0.09
2 18 1248.2 0.17
0 19 1252.46 0.125
1 19 1279.73 0.105
2 19 1310.71 0.195
0 20 1315.12 0.165
1 20 1342.56 0.12
2 20 1373.64 0.415
0 21 1377.41 0.205
1 21 1405.44 0.16
2 21 1436.73 0.38
0 22 1440.5 0.295
1 22 1468.19 0.22
2 22 1498.0 0.48
0 23 1503.81 0.355
1 23 1531.68 0.24
2 23 1562.39 1.025
0 24 1565.48 0.56
1 24 1593.89 0.51
2 24 1626.43 1.045
0 25 1631.51 2.23
1 25 1657.79 0.91
Teff 6171.000000 77.000000
numax 1189.100000 12.185614
Fe_H -0.210000 0.100000