0 10 700.59 0.19
1 10 726.05 0.33
2 10 754.36 0.7
0 11 760.15 0.14
1 11 785.97 0.17
2 11 815.61 1.005
0 12 820.73 0.215
1 12 847.39 0.125
2 12 877.79 0.45
0 13 882.26 0.11
1 13 908.68 0.13
2 13 939.34 0.44
0 14 943.89 0.125
1 14 969.98 0.125
2 14 999.79 0.24
0 15 1004.27 0.135
1 15 1030.23 0.085
2 15 1060.47 0.165
0 16 1064.99 0.085
1 16 1091.6 0.08
2 16 1122.05 0.155
0 17 1126.81 0.075
1 17 1153.49 0.08
2 17 1185.02 0.17
0 18 1189.52 0.1
1 18 1216.12 0.08
2 18 1247.13 0.175
0 19 1251.73 0.105
1 19 1278.57 0.1
2 19 1309.67 0.225
0 20 1314.01 0.17
1 20 1340.53 0.135
2 20 1371.82 0.38
0 21 1376.19 0.25
1 21 1403.64 0.175
2 21 1435.08 0.4
0 22 1439.4 0.38
1 22 1465.99 0.235
2 22 1498.37 0.84
0 23 1501.88 0.63
1 23 1529.14 0.385
2 23 1560.4 0.98
0 24 1564.11 0.89
1 24 1592.57 0.94
Teff 6122.000000 77.000000
numax 1190.500000 12.091141
Fe_H -0.080000 0.100000