1 9 665.02 0.335
2 9 693.67 0.775
0 10 700.36 0.19
1 10 728.39 0.31
2 10 758.55 1.115
0 11 764.18 0.18
1 11 791.58 0.24
2 11 821.89 0.88
0 12 826.03 0.345
1 12 853.05 0.25
2 12 882.9 0.91
0 13 885.85 0.485
1 13 913.08 0.23
2 13 942.71 0.85
0 14 947.46 0.34
1 14 974.97 0.195
2 14 1004.42 0.445
0 15 1010.17 0.265
1 15 1038.02 0.175
2 15 1069.44 0.665
0 16 1074.06 0.295
1 16 1101.87 0.165
2 16 1132.62 0.335
0 17 1138.31 0.205
1 17 1166.53 0.16
2 17 1197.33 0.45
0 18 1202.68 0.305
1 18 1230.6 0.165
2 18 1261.17 0.47
0 19 1265.73 0.285
1 19 1293.21 0.185
2 19 1323.23 0.48
0 20 1328.7 0.315
1 20 1356.63 0.2
2 20 1387.25 0.555
0 21 1392.68 0.355
1 21 1420.45 0.265
2 21 1452.03 0.925
0 22 1455.12 0.675
1 22 1484.28 0.34
2 22 1516.1 0.825
0 23 1520.22 0.525
1 23 1549.62 0.315
2 23 1580.25 0.6
0 24 1586.81 0.81
1 24 1614.25 0.47
2 24 1646.86 1.295
0 25 1650.17 1.025
1 25 1679.74 0.745
2 25 1711.56 1.26
0 26 1714.56 1.15
1 26 1746.19 0.775
2 26 1777.79 1.5
0 27 1780.88 1.075
1 27 1811.6 1.795
2 27 1842.59 1.765
0 28 1845.47 1.235
Teff 6580.000000 77.000000
numax 1212.400000 12.868313
Fe_H -0.280000 0.100000