1 10 755.36 0.965
2 10 784.32 1.565
0 11 787.72 0.82
1 11 814.61 1.14
2 11 845.52 1.815
0 12 849.17 0.86
1 12 876.31 0.64
2 12 909.16 1.345
0 13 912.54 0.485
1 13 940.38 0.395
2 13 975.1 0.85
0 14 976.62 0.43
1 14 1006.38 0.29
2 14 1037.56 1.61
0 15 1042.46 0.33
1 15 1071.4 0.265
2 15 1102.17 0.97
0 16 1107.12 0.365
1 16 1135.02 0.23
2 16 1164.46 0.77
0 17 1170.28 0.225
1 17 1198.63 0.23
2 17 1229.08 0.845
0 18 1233.87 0.38
1 18 1263.3 0.24
2 18 1294.21 0.475
0 19 1298.56 0.26
1 19 1328.98 0.225
2 19 1359.42 0.83
0 20 1364.36 0.335
1 20 1395.18 0.25
2 20 1425.38 0.94
0 21 1430.41 0.42
1 21 1461.17 0.32
2 21 1491.27 1.11
0 22 1495.54 0.625
1 22 1527.42 0.45
2 22 1557.51 1.395
0 23 1560.81 0.89
1 23 1592.1 0.6
2 23 1624.6 0.88
0 24 1625.87 0.53
1 24 1659.39 0.66
2 24 1688.67 1.7
0 25 1692.76 1.33
1 25 1724.46 0.96
2 25 1755.23 1.22
0 26 1760.02 0.94
1 26 1790.49 1.1
Teff 6321.000000 77.000000
numax 1255.200000 14.605171
Fe_H -0.070000 0.100000