1 11 834.71 0.19
2 11 862.17 1.935
0 12 867.59 1.115
1 12 897.45 0.52
2 12 928.97 1.395
0 13 932.82 0.66
1 13 962.64 0.58
2 13 992.87 3.16
0 14 999.62 1.09
1 14 1029.51 0.405
2 14 1060.76 0.88
0 15 1065.34 0.505
1 15 1096.29 0.33
2 15 1127.95 1.105
0 16 1131.25 0.52
1 16 1161.79 0.31
2 16 1194.68 1.255
0 17 1196.94 0.385
1 17 1226.53 0.255
2 17 1257.2 1.09
0 18 1261.37 0.35
1 18 1291.72 0.315
2 18 1325.44 1.165
0 19 1328.43 0.53
1 19 1358.99 0.355
2 19 1391.22 1.05
0 20 1394.37 0.715
1 20 1425.13 0.37
2 20 1453.1 0.96
0 21 1463.04 0.385
1 21 1494.54 0.35
2 21 1526.32 1.47
0 22 1528.77 0.705
1 22 1562.35 0.95
2 22 1591.48 3.39
0 23 1596.3 1.235
1 23 1627.86 0.8
2 23 1657.05 1.395
0 24 1664.51 0.845
Teff 6150.000000 180.000000
numax 1282.100000 18.473348
Fe_H -0.110000 0.180000