1 10 853.8 0.275
1 11 924.57 0.15
0 12 964.92 0.165
1 12 996.32 0.135
2 12 1031.48 0.295
0 13 1036.83 0.1
1 13 1067.49 0.135
2 13 1101.86 0.375
0 14 1107.57 0.14
1 14 1137.62 0.09
2 14 1172.6 0.17
0 15 1177.88 0.09
1 15 1208.24 0.07
2 15 1244.02 0.11
0 16 1249.25 0.06
1 16 1280.07 0.055
2 16 1316.65 0.09
0 17 1321.68 0.06
1 17 1352.52 0.055
2 17 1389.03 0.08
0 18 1393.91 0.06
1 18 1424.58 0.06
2 18 1461.04 0.11
0 19 1465.91 0.08
1 19 1496.67 0.07
2 19 1533.47 0.15
0 20 1538.34 0.095
1 20 1569.13 0.11
2 20 1606.08 0.22
0 21 1610.72 0.17
1 21 1642.03 0.155
2 21 1679.28 0.34
0 22 1683.75 0.365
1 22 1714.6 0.27
2 22 1752.77 1.165
0 23 1757.57 0.71
1 23 1788.47 0.575
2 23 1825.8 1.39
0 24 1829.17 1.265
Teff 5832.000000 77.000000
numax 1389.900000 14.005544
Fe_H -0.010000 0.100000