1 11 889.25 0.5
2 11 920.04 1.905
0 12 928.22 0.825
1 12 957.04 0.48
2 12 989.14 1.27
0 13 995.13 0.48
1 13 1025.88 0.37
2 13 1056.68 1.56
0 14 1064.42 0.35
1 14 1097.0 0.28
2 14 1131.4 1.155
0 15 1136.15 0.365
1 15 1167.86 0.255
2 15 1199.64 0.575
0 16 1206.55 0.225
1 16 1237.49 0.23
2 16 1269.06 0.615
0 17 1275.25 0.3
1 17 1307.14 0.205
2 17 1339.8 0.66
0 18 1343.82 0.33
1 18 1376.38 0.175
2 18 1408.44 0.46
0 19 1414.66 0.185
1 19 1446.97 0.195
2 19 1479.76 0.57
0 20 1485.18 0.295
1 20 1518.64 0.21
2 20 1551.1 0.57
0 21 1556.74 0.34
1 21 1590.37 0.23
2 21 1622.34 0.705
0 22 1627.75 0.415
1 22 1662.08 0.265
2 22 1696.74 0.995
0 23 1698.86 0.435
1 23 1732.87 0.335
2 23 1767.38 1.37
0 24 1771.56 0.56
1 24 1804.11 0.43
2 24 1836.79 1.115
0 25 1841.53 0.5
1 25 1875.62 0.64
2 25 1907.56 1.935
0 26 1913.77 0.755
1 26 1946.24 0.76
Teff 6326.000000 77.000000
numax 1406.700000 15.509476
Fe_H 0.010000 0.100000