1 13 1058.64 1.655
2 13 1094.4 2.19
0 14 1099.26 0.97
1 14 1128.3 0.995
2 14 1167.16 1.62
0 15 1173.21 0.81
1 15 1202.98 0.49
2 15 1236.62 0.755
0 16 1242.18 0.17
1 16 1273.93 0.525
2 16 1310.43 1.235
0 17 1313.5 0.79
1 17 1345.37 0.32
2 17 1379.52 0.665
0 18 1384.28 0.275
1 18 1417.22 0.365
2 18 1453.55 1.42
0 19 1457.82 0.39
1 19 1490.49 0.35
2 19 1526.46 1.155
0 20 1530.78 0.43
1 20 1564.74 0.41
2 20 1598.71 0.79
0 21 1604.74 0.595
1 21 1637.35 0.44
2 21 1672.27 2.035
0 22 1676.7 0.755
1 22 1709.83 0.54
2 22 1744.32 1.275
0 23 1748.79 1.025
1 23 1783.87 1.03
1 24 1858.54 2.3
Teff 6248.000000 77.000000
numax 1465.100000 26.915654
Fe_H -0.020000 0.100000