2 9 572.14 0.465
0 10 577.43 0.125
1 10 598.98 0.225
2 10 624.68 0.815
0 11 626.35 0.695
1 11 647.05 0.41
2 11 670.19 0.615
0 12 675.87 0.465
1 12 697.37 0.28
2 12 724.09 1.105
0 13 726.48 0.755
1 13 748.86 0.3
2 13 773.94 0.545
0 14 777.78 0.42
1 14 800.48 0.25
2 14 826.48 0.965
0 15 829.64 0.28
1 15 851.83 0.265
2 15 876.41 0.695
0 16 879.71 0.375
1 16 902.19 0.2
2 16 927.44 0.63
0 17 931.1 0.27
1 17 952.63 0.22
2 17 979.42 0.55
0 18 982.57 0.58
1 18 1005.24 0.24
2 18 1031.75 0.655
0 19 1034.5 0.295
1 19 1057.49 0.24
2 19 1082.72 0.585
0 20 1086.57 0.34
1 20 1109.9 0.435
2 20 1136.16 0.545
0 21 1141.35 0.465
1 21 1162.62 0.46
2 21 1187.97 1.04
0 22 1190.4 0.7
1 22 1214.13 0.915
2 22 1239.87 0.64
0 23 1241.34 0.805
Teff 6278.000000 77.000000
numax 934.300000 13.280465
Fe_H -0.050000 0.100000