1 9 805.76 0.34
0 10 846.21 0.62
1 10 876.5 0.4
0 11 917.64 0.57
1 11 948.84 0.23
2 11 987.46 0.835
0 12 990.53 0.165
1 12 1022.2 0.125
2 12 1059.48 0.49
0 13 1064.29 0.165
1 13 1096.51 0.16
2 13 1132.68 0.375
0 14 1139.4 0.145
1 14 1170.9 0.12
2 14 1206.35 0.315
0 15 1212.48 0.12
1 15 1243.86 0.105
2 15 1279.88 0.245
0 16 1285.83 0.115
1 16 1317.59 0.095
2 16 1354.19 0.225
0 17 1360.12 0.11
1 17 1392.31 0.095
2 17 1429.96 0.19
0 18 1435.6 0.105
1 18 1468.02 0.095
2 18 1505.06 0.265
0 19 1510.93 0.12
1 19 1543.48 0.11
2 19 1581.17 0.28
0 20 1586.95 0.16
1 20 1619.17 0.12
2 20 1655.87 0.285
0 21 1662.04 0.175
1 21 1694.49 0.155
2 21 1731.61 0.49
0 22 1738.05 0.26
1 22 1770.45 0.21
2 22 1807.79 0.555
0 23 1813.67 0.305
1 23 1846.48 0.335
2 23 1884.58 0.81
0 24 1889.84 0.435
1 24 1924.19 0.42
2 24 1961.34 1.23
0 25 1967.01 0.725
1 25 1999.72 0.555
2 25 2037.94 1.93
0 26 2043.07 1.01
1 26 2076.1 0.785
2 26 2112.9 1.655
0 27 2118.65 1.525
1 27 2152.3 1.515
Teff 6246.000000 77.000000
numax 1470.500000 14.799802
Fe_H -0.420000 0.100000