1 11 955.93 0.11
2 11 991.54 0.365
0 12 997.13 0.14
1 12 1029.54 0.15
2 12 1066.89 0.345
0 13 1071.89 0.175
1 13 1104.86 0.105
2 13 1140.91 0.13
0 14 1146.5 0.09
1 14 1178.78 0.08
2 14 1214.81 0.175
0 15 1219.97 0.1
1 15 1251.89 0.075
2 15 1287.94 0.13
0 16 1293.07 0.08
1 16 1325.56 0.07
2 16 1362.27 0.1
0 17 1367.19 0.075
1 17 1400.15 0.06
2 17 1437.12 0.08
0 18 1442.19 0.07
1 18 1475.42 0.05
2 18 1512.42 0.075
0 19 1517.36 0.06
1 19 1550.59 0.06
2 19 1587.6 0.12
0 20 1592.22 0.08
1 20 1625.45 0.08
2 20 1662.47 0.145
0 21 1666.74 0.12
1 21 1700.52 0.105
2 21 1737.55 0.235
0 22 1742.04 0.2
1 22 1776.28 0.15
2 22 1813.36 0.455
0 23 1817.42 0.295
1 23 1852.18 0.225
2 23 1889.3 0.725
0 24 1893.27 0.34
1 24 1927.96 0.305
2 24 1966.39 0.885
0 25 1968.88 0.69
1 25 2004.75 0.64
2 25 2041.43 1.4
0 26 2044.13 1.005
Teff 5964.000000 77.000000
numax 1512.700000 15.010016
Fe_H -0.000000 0.100000