2 10 901.21 2.84
0 11 909.53 2.515
1 11 943.78 1.615
2 11 978.78 2.295
0 12 985.93 0.64
1 12 1019.16 1.065
2 12 1053.35 2.835
0 13 1059.16 1.0
1 13 1094.73 0.485
2 13 1128.42 1.37
0 14 1133.38 0.51
1 14 1166.8 0.385
2 14 1202.25 0.96
0 15 1205.82 0.315
1 15 1239.61 0.48
2 15 1271.68 0.805
0 16 1279.67 0.405
1 16 1314.17 0.47
2 16 1346.69 0.9
0 17 1356.21 0.365
1 17 1391.34 0.325
2 17 1424.33 1.63
0 18 1432.09 0.515
1 18 1468.42 0.33
2 18 1501.73 1.13
0 19 1509.39 0.34
1 19 1544.61 0.295
2 19 1578.23 1.4
0 20 1585.55 0.43
1 20 1620.5 0.31
2 20 1654.17 1.105
0 21 1660.12 0.38
1 21 1695.67 0.32
2 21 1731.72 1.215
0 22 1734.45 0.6
1 22 1771.58 0.36
2 22 1806.7 1.505
0 23 1810.87 0.625
1 23 1845.76 0.41
2 23 1882.59 1.825
0 24 1886.75 0.69
1 24 1922.74 0.52
2 24 1960.41 1.905
0 25 1965.62 1.135
1 25 2000.59 0.655
2 25 2037.36 1.79
0 26 2042.05 2.04
1 26 2074.98 1.115
2 26 2113.08 1.925
0 27 2117.22 1.09
1 27 2157.59 1.04
2 27 2190.1 2.125
0 28 2194.76 1.08
1 28 2233.88 1.46
Teff 6614.000000 77.000000
numax 1557.600000 17.446343
Fe_H 0.010000 0.100000