1 10 882.92 1.52
2 10 915.89 1.8
0 11 922.76 0.73
1 11 957.87 0.805
2 11 995.11 2.515
0 12 1000.04 0.79
1 12 1036.81 0.655
2 12 1070.11 1.765
0 13 1075.69 0.41
1 13 1110.65 0.47
2 13 1143.05 1.45
0 14 1149.89 0.37
1 14 1183.65 0.455
2 14 1217.79 1.575
0 15 1222.49 0.505
1 15 1259.03 0.315
2 15 1294.86 1.415
0 16 1299.14 0.325
1 16 1334.32 0.365
2 16 1369.38 1.37
0 17 1375.71 0.395
1 17 1412.74 0.325
2 17 1449.91 1.945
0 18 1452.9 0.45
1 18 1490.81 0.275
2 18 1523.46 1.23
0 19 1532.28 0.285
1 19 1569.38 0.27
2 19 1603.88 1.2
0 20 1609.73 0.29
1 20 1646.09 0.31
2 20 1677.26 1.36
0 21 1686.49 0.33
1 21 1722.47 0.29
2 21 1753.83 0.945
0 22 1762.41 0.385
1 22 1799.44 0.345
2 22 1832.79 1.785
0 23 1838.64 0.42
1 23 1876.4 0.335
2 23 1908.59 1.27
0 24 1915.8 0.455
1 24 1954.73 0.425
2 24 1985.55 1.295
0 25 1992.92 0.535
1 25 2032.59 0.53
2 25 2064.38 1.905
0 26 2072.45 0.455
1 26 2111.59 0.565
2 26 2145.74 1.67
0 27 2150.11 0.68
1 27 2190.52 1.29
2 27 2222.45 2.11
0 28 2228.49 0.725
1 28 2268.99 0.83
2 28 2303.78 1.81
0 29 2308.15 1.125
1 29 2349.73 0.965
Teff 6642.000000 77.000000
numax 1590.600000 17.724772
Fe_H -0.080000 0.100000