2 11 1033.43 4.015
0 12 1040.72 0.3
1 12 1076.84 0.48
2 12 1109.01 1.895
0 13 1111.9 0.925
1 13 1152.95 0.655
2 13 1186.57 3.485
0 14 1194.34 0.76
1 14 1230.4 0.54
2 14 1269.5 1.98
0 15 1273.05 0.585
1 15 1310.4 0.45
2 15 1345.58 1.5
0 16 1353.44 0.425
1 16 1389.44 0.425
2 16 1422.25 2.475
0 17 1431.18 0.375
1 17 1467.37 0.29
2 17 1502.68 0.92
0 18 1508.24 0.27
1 18 1545.38 0.225
2 18 1580.3 0.9
0 19 1586.2 0.23
1 19 1623.71 0.205
2 19 1658.42 0.94
0 20 1665.6 0.26
1 20 1703.37 0.21
2 20 1736.65 0.945
0 21 1745.27 0.235
1 21 1782.82 0.255
2 21 1818.73 1.295
0 22 1825.34 0.335
1 22 1863.41 0.3
2 22 1900.33 1.735
0 23 1905.38 0.395
1 23 1944.18 0.475
2 23 1981.45 1.485
0 24 1983.93 0.64
1 24 2023.2 0.625
2 24 2059.35 2.56
0 25 2065.05 0.67
1 25 2104.34 0.645
2 25 2138.42 2.455
0 26 2144.37 0.8
1 26 2183.33 0.91
Teff 6305.000000 77.000000
numax 1652.500000 19.537719
Fe_H 0.100000 0.100000