0 11 1070.73 0.37
1 11 1106.69 0.205
0 12 1156.07 0.195
1 12 1192.44 0.155
0 13 1241.5 0.14
1 13 1276.72 0.105
2 13 1319.66 0.185
0 14 1325.96 0.15
1 14 1360.87 0.08
2 14 1403.89 0.095
0 15 1409.71 0.07
1 15 1445.62 0.05
2 15 1489.13 0.115
0 16 1494.86 0.07
1 16 1530.99 0.05
2 16 1575.26 0.06
0 17 1580.77 0.04
1 17 1616.78 0.04
2 17 1660.82 0.06
0 18 1666.13 0.05
1 18 1702.62 0.05
2 18 1746.61 0.075
0 19 1751.6 0.07
1 19 1788.23 0.07
2 19 1833.05 0.155
0 20 1837.47 0.115
1 20 1874.44 0.12
2 20 1919.88 0.465
0 21 1923.75 0.245
1 21 1961.39 0.335
2 21 2007.27 0.905
0 22 2009.64 0.825
1 22 2048.66 0.745
2 22 2092.87 2.0
0 23 2096.62 1.085
1 23 2135.58 0.735
2 23 2182.64 1.605
0 24 2185.16 1.03
Teff 5677.000000 77.000000
numax 1675.100000 17.167954
Fe_H -0.130000 0.100000