1 11 1081.7 1.195
0 12 1129.38 0.235
1 12 1165.56 0.28
2 12 1206.84 0.7
0 13 1214.12 0.335
1 13 1249.73 0.185
2 13 1293.12 1.005
0 14 1296.76 0.14
1 14 1332.92 0.125
2 14 1373.95 0.23
0 15 1379.58 0.105
1 15 1415.59 0.09
2 15 1456.51 0.22
0 16 1462.59 0.105
1 16 1499.19 0.085
2 16 1540.78 0.15
0 17 1546.39 0.075
1 17 1583.6 0.085
2 17 1625.95 0.15
0 18 1631.21 0.07
1 18 1668.4 0.07
2 18 1710.4 0.125
0 19 1715.78 0.085
1 19 1752.94 0.08
2 19 1794.87 0.205
0 20 1799.96 0.08
1 20 1837.36 0.105
2 20 1879.67 0.305
0 21 1884.41 0.19
1 21 1922.63 0.17
2 21 1964.5 0.405
0 22 1968.96 0.39
1 22 2007.8 0.26
2 22 2050.29 1.125
0 23 2055.14 0.495
1 23 2092.98 0.395
2 23 2135.51 1.385
0 24 2139.82 0.77
1 24 2179.35 1.43
1 25 2265.06 1.495
Teff 5964.000000 77.000000
numax 1689.800000 17.210203
Fe_H -0.110000 0.100000