1 11 1094.89 0.18
2 11 1136.49 0.375
0 12 1142.63 0.21
1 12 1179.7 0.215
2 12 1220.91 0.31
0 13 1227.93 0.23
1 13 1264.55 0.165
2 13 1305.8 0.44
0 14 1311.97 0.16
1 14 1348.43 0.125
2 14 1389.94 0.305
0 15 1395.61 0.13
1 15 1431.97 0.09
2 15 1473.96 0.225
0 16 1479.16 0.085
1 16 1516.25 0.075
2 16 1558.61 0.125
0 17 1564.01 0.08
1 17 1601.45 0.06
2 17 1644.14 0.09
0 18 1649.31 0.07
1 18 1686.79 0.06
2 18 1729.48 0.09
0 19 1734.5 0.08
1 19 1771.96 0.075
2 19 1814.79 0.14
0 20 1819.49 0.08
1 20 1857.2 0.1
2 20 1899.92 0.215
0 21 1904.91 0.18
1 21 1943.09 0.195
2 21 1985.75 0.415
0 22 1990.67 0.4
1 22 2029.82 0.435
2 22 2072.33 1.115
0 23 2076.58 1.12
1 23 2116.05 0.55
2 23 2160.92 0.51
0 24 2163.59 0.85
Teff 5811.000000 77.000000
numax 1709.100000 17.932496
Fe_H 0.050000 0.100000