2 10 981.57 1.49
0 11 985.77 0.375
1 11 1023.31 0.25
2 11 1061.32 1.585
0 12 1065.2 0.255
1 12 1102.2 0.21
2 12 1138.21 0.875
0 13 1143.06 0.165
1 13 1179.7 0.17
2 13 1215.88 0.64
0 14 1221.33 0.27
1 14 1258.73 0.215
2 14 1295.97 0.815
0 15 1301.75 0.185
1 15 1339.84 0.21
2 15 1377.47 0.62
0 16 1383.24 0.185
1 16 1421.72 0.155
2 16 1457.97 0.64
0 17 1464.44 0.195
1 17 1502.13 0.16
2 17 1538.9 0.555
0 18 1544.73 0.205
1 18 1582.12 0.16
2 18 1619.09 0.6
0 19 1624.22 0.225
1 19 1661.93 0.185
2 19 1698.17 0.47
0 20 1704.09 0.24
1 20 1742.58 0.165
2 20 1779.69 0.58
0 21 1785.6 0.22
1 21 1824.47 0.17
2 21 1861.24 0.785
0 22 1867.44 0.23
1 22 1906.76 0.22
2 22 1943.82 0.595
0 23 1949.41 0.32
1 23 1989.01 0.235
2 23 2025.65 0.78
0 24 2032.78 0.405
1 24 2071.87 0.305
2 24 2107.35 0.785
0 25 2114.75 0.41
1 25 2153.13 0.35
2 25 2189.57 1.105
0 26 2195.37 0.555
1 26 2235.53 0.385
2 26 2270.42 1.19
0 27 2278.65 0.53
1 27 2317.28 0.53
2 27 2353.24 1.63
0 28 2359.0 1.445
1 28 2400.57 0.795
2 28 2438.56 1.14
0 29 2445.1 1.02
1 29 2486.48 0.815
Teff 6400.000000 84.000000
numax 1729.800000 17.850681
Fe_H 0.150000 0.090000