1 11 1139.07 0.37
0 12 1188.03 0.5
1 12 1227.11 0.365
0 13 1277.02 0.23
1 13 1315.83 0.185
0 14 1365.18 0.125
1 14 1403.34 0.135
0 15 1452.41 0.135
1 15 1490.56 0.105
2 15 1533.4 0.245
0 16 1539.08 0.09
1 16 1577.7 0.09
2 16 1621.31 0.16
0 17 1627.06 0.08
1 17 1666.31 0.06
2 17 1710.08 0.135
0 18 1715.52 0.06
1 18 1755.31 0.065
2 18 1798.74 0.11
0 19 1804.25 0.06
1 19 1844.06 0.055
2 19 1887.67 0.105
0 20 1892.77 0.07
1 20 1932.85 0.07
2 20 1976.11 0.16
0 21 1981.29 0.105
1 21 2021.67 0.1
2 21 2065.2 0.275
0 22 2069.96 0.195
1 22 2111.02 0.2
2 22 2154.53 0.725
0 23 2159.16 0.545
1 23 2200.79 0.4
2 23 2244.48 1.225
0 24 2249.42 0.67
1 24 2289.37 0.855
Teff 5805.000000 77.000000
numax 1817.000000 18.554231
Fe_H 0.080000 0.100000