1 9 527.62 1.61
2 9 549.85 2.275
0 10 555.8 0.855
1 10 578.62 0.61
2 10 602.8 1.275
0 11 607.34 0.48
1 11 628.74 0.345
2 11 651.06 1.195
0 12 656.72 0.51
1 12 676.91 0.28
2 12 700.4 1.215
0 13 703.92 0.485
1 13 725.61 0.25
2 13 749.86 0.835
0 14 752.9 0.33
1 14 774.67 0.23
2 14 799.98 0.875
0 15 802.44 0.3
1 15 825.48 0.205
2 15 851.89 0.495
0 16 853.68 0.235
1 16 876.93 0.2
2 16 902.18 0.875
0 17 905.25 0.27
1 17 928.02 0.2
2 17 952.77 0.625
0 18 956.48 0.275
1 18 978.55 0.215
2 18 1003.7 0.695
0 19 1007.73 0.32
1 19 1029.14 0.215
2 19 1053.84 0.9
0 20 1057.12 0.485
1 20 1079.84 0.225
2 20 1104.82 0.79
0 21 1107.71 0.36
1 21 1130.64 0.275
2 21 1155.91 0.865
0 22 1158.57 0.445
1 22 1181.82 0.305
2 22 1207.66 0.95
0 23 1210.2 0.41
1 23 1233.49 0.37
2 23 1258.6 1.01
0 24 1262.89 0.605
1 24 1285.59 0.425
2 24 1308.49 0.905
0 25 1315.44 0.695
1 25 1338.35 0.595
2 25 1362.1 1.92
0 26 1365.46 0.765
1 26 1389.75 0.765
2 26 1412.95 1.585
0 27 1419.97 1.155
1 27 1441.72 1.185
Teff 6479.000000 77.000000
numax 941.800000 10.445552
Fe_H 0.010000 0.100000