1 13 1317.22 0.405
0 14 1366.75 0.365
1 14 1405.37 0.225
0 15 1454.15 0.24
1 15 1492.6 0.255
2 15 1534.94 0.24
0 16 1540.84 0.2
1 16 1579.57 0.165
2 16 1623.06 0.23
0 17 1628.58 0.125
1 17 1667.96 0.115
2 17 1711.68 0.11
0 18 1717.17 0.08
1 18 1757.03 0.08
2 18 1800.94 0.13
0 19 1805.98 0.085
1 19 1845.68 0.09
2 19 1889.65 0.135
0 20 1894.79 0.125
1 20 1934.54 0.12
2 20 1978.11 0.22
0 21 1983.13 0.185
1 21 2023.5 0.155
2 21 2067.37 0.495
0 22 2071.73 0.335
1 22 2112.86 0.345
2 22 2157.55 0.94
0 23 2160.44 0.96
1 23 2200.96 1.04
2 23 2243.7 2.25
0 24 2248.69 1.665
1 24 2291.8 2.105
Teff 5775.000000 77.000000
numax 1847.800000 20.811995
Fe_H 0.190000 0.100000