0 13 1258.46 0.275
1 13 1297.68 0.235
0 14 1345.99 0.2
1 14 1386.11 0.205
2 14 1428.61 0.945
0 15 1433.83 0.165
1 15 1473.01 0.19
2 15 1514.42 0.655
0 16 1520.13 0.315
1 16 1559.32 0.17
2 16 1599.7 0.345
0 17 1606.43 0.145
1 17 1646.08 0.12
2 17 1687.58 0.225
0 18 1693.77 0.085
1 18 1733.98 0.105
2 18 1775.74 0.23
0 19 1782.13 0.13
1 19 1822.57 0.11
2 19 1864.13 0.255
0 20 1870.76 0.1
1 20 1911.52 0.12
2 20 1953.26 0.26
0 21 1959.04 0.155
1 21 1999.82 0.15
2 21 2041.6 0.575
0 22 2047.25 0.23
1 22 2088.65 0.2
2 22 2129.82 0.535
0 23 2135.46 0.215
1 23 2177.26 0.255
2 23 2217.8 0.87
0 24 2224.12 0.545
1 24 2266.63 0.46
2 24 2308.75 1.505
0 25 2312.37 0.88
1 25 2356.49 0.76
2 25 2399.4 1.7
0 26 2406.27 1.615
1 26 2448.99 1.17
2 26 2488.51 2.83
0 27 2495.25 1.51
1 27 2534.77 1.16
Teff 6179.000000 77.000000
numax 1865.600000 19.400246
Fe_H -0.080000 0.100000