1 13 1231.6 0.865
2 13 1268.84 1.42
0 14 1274.02 1.015
1 14 1313.2 0.465
2 14 1348.11 2.19
0 15 1356.51 0.715
1 15 1394.89 0.5
2 15 1433.56 0.9
0 16 1441.09 0.265
1 16 1479.62 0.325
2 16 1519.81 1.74
0 17 1525.11 0.79
1 17 1563.79 0.385
2 17 1603.03 0.97
0 18 1612.47 0.485
1 18 1651.62 0.305
2 18 1688.12 0.835
0 19 1696.6 0.485
1 19 1735.83 0.315
2 19 1773.62 0.83
0 20 1782.06 0.445
1 20 1819.9 0.355
2 20 1859.52 1.095
0 21 1864.77 0.425
1 21 1903.08 0.325
2 21 1942.39 1.615
0 22 1948.61 0.37
1 22 1987.71 0.34
2 22 2026.74 1.42
0 23 2033.7 0.555
1 23 2072.54 0.385
2 23 2110.9 1.58
0 24 2120.64 0.65
1 24 2160.08 0.355
2 24 2196.98 1.24
0 25 2205.86 0.69
1 25 2244.78 0.555
2 25 2284.94 1.32
0 26 2290.17 1.0
1 26 2332.62 0.675
2 26 2368.85 2.05
0 27 2375.83 1.26
1 27 2418.12 0.75
2 27 2456.56 2.65
0 28 2462.32 1.385
1 28 2503.76 1.765
2 28 2544.34 2.64
0 29 2551.48 1.77
1 29 2588.54 1.235
Teff 6538.000000 77.000000
numax 1866.400000 22.070534
Fe_H 0.160000 0.100000