1 15 1489.04 0.305
2 15 1529.95 1.405
0 16 1536.4 1.525
1 16 1576.23 0.34
2 16 1616.41 3.445
0 17 1623.33 0.51
1 17 1662.83 0.37
2 17 1704.34 0.51
0 18 1711.54 0.53
1 18 1752.99 0.255
2 18 1793.46 0.53
0 19 1799.81 0.175
1 19 1841.42 0.17
2 19 1883.52 0.405
0 20 1888.92 0.52
1 20 1931.07 0.295
2 20 1972.16 1.03
0 21 1979.28 0.34
1 21 2020.75 0.275
2 21 2058.65 0.97
0 22 2068.01 0.41
1 22 2109.69 0.395
2 22 2149.45 4.105
0 23 2157.21 1.465
Teff 6173.000000 101.000000
numax 1876.900000 39.681429
Fe_H -0.130000 0.150000