1 12 1297.17 1.83
0 13 1350.54 0.385
1 13 1391.43 0.335
0 14 1443.63 0.46
1 14 1483.94 0.175
2 14 1529.46 0.26
0 15 1534.94 0.13
1 15 1575.4 0.08
2 15 1621.2 0.16
0 16 1626.73 0.075
1 16 1667.58 0.075
2 16 1713.76 0.1
0 17 1719.2 0.055
1 17 1760.69 0.065
2 17 1807.31 0.075
0 18 1812.34 0.06
1 18 1854.23 0.04
2 18 1900.97 0.065
0 19 1905.62 0.065
1 19 1947.51 0.045
2 19 1994.3 0.07
0 20 1998.77 0.06
1 20 2040.9 0.065
2 20 2087.78 0.12
0 21 2091.72 0.09
1 21 2134.38 0.09
2 21 2181.8 0.28
0 22 2185.32 0.205
1 22 2228.57 0.205
2 22 2276.32 1.15
0 23 2279.65 0.535
1 23 2321.76 0.425
2 23 2369.97 1.61
0 24 2372.46 0.525
1 24 2421.08 0.635
Teff 5668.000000 77.000000
numax 1925.000000 19.837167
Fe_H 0.250000 0.100000