0 13 1398.16 0.5
0 14 1493.83 1.355
1 14 1536.37 0.935
0 15 1589.59 0.635
1 15 1631.41 0.32
2 15 1678.92 0.42
0 16 1684.23 0.28
1 16 1726.93 0.15
2 16 1775.46 1.345
0 17 1781.25 0.13
1 17 1824.03 0.1
2 17 1872.78 0.18
0 18 1877.77 0.095
1 18 1921.15 0.13
2 18 1968.98 0.41
0 19 1974.0 0.3
1 19 2017.96 0.16
2 19 2067.3 0.36
0 20 2071.01 0.17
1 20 2115.49 0.195
2 20 2165.05 1.005
0 21 2168.68 0.58
1 21 2212.7 0.5
2 21 2262.15 0.925
0 22 2265.29 0.88
1 22 2310.78 0.47
Teff 5853.000000 77.000000
numax 1926.700000 28.235269
Fe_H -0.230000 0.100000