1 14 1398.88 0.33
2 14 1437.93 1.275
0 15 1447.89 0.22
1 15 1487.7 0.235
2 15 1532.74 1.335
0 16 1536.31 0.39
1 16 1577.14 0.395
2 16 1623.36 2.1
0 17 1625.74 0.395
1 17 1668.5 0.38
2 17 1707.39 4.76
0 18 1717.31 0.525
1 18 1757.23 0.415
2 18 1799.37 0.85
0 19 1801.32 0.66
1 19 1845.7 0.345
2 19 1884.36 1.38
0 20 1895.5 0.445
1 20 1935.81 0.4
2 20 1974.13 1.485
0 21 1983.56 0.7
1 21 2025.73 0.47
2 21 2065.62 1.865
0 22 2072.86 0.495
1 22 2116.37 0.5
2 22 2157.59 2.815
0 23 2165.31 0.65
1 23 2208.0 0.715
2 23 2251.92 2.785
0 24 2257.09 0.93
1 24 2300.39 0.655
2 24 2340.44 2.975
0 25 2347.88 1.06
1 25 2389.8 0.705
2 25 2432.1 1.645
0 26 2438.98 0.61
1 26 2481.12 0.965
2 26 2522.99 2.9
0 27 2528.75 1.26
1 27 2574.9 0.98
Teff 6548.000000 83.000000
numax 1968.300000 22.459318
Fe_H 0.110000 0.100000