2 13 1439.96 2.115
0 14 1444.87 0.62
1 14 1488.32 0.605
2 14 1532.74 1.89
0 15 1540.27 0.745
1 15 1582.97 0.445
2 15 1625.58 1.585
0 16 1636.36 0.825
1 16 1679.9 0.425
2 16 1720.51 0.92
0 17 1728.97 0.355
1 17 1771.39 0.34
2 17 1813.71 0.67
0 18 1822.7 0.265
1 18 1866.17 0.285
2 18 1907.84 0.825
0 19 1916.2 0.25
1 19 1959.77 0.25
2 19 2001.08 0.95
0 20 2011.29 0.295
1 20 2055.35 0.23
2 20 2098.39 0.675
0 21 2106.37 0.24
1 21 2151.29 0.275
2 21 2193.63 0.51
0 22 2202.04 0.285
1 22 2247.5 0.325
2 22 2291.54 1.375
0 23 2298.54 0.46
1 23 2344.49 0.5
2 23 2383.56 1.69
0 24 2392.37 0.615
1 24 2437.49 0.515
2 24 2484.11 2.14
0 25 2491.73 1.775
1 25 2534.72 0.925
2 25 2578.66 2.62
0 26 2584.17 1.04
1 26 2633.23 0.95
Teff 6343.000000 77.000000
numax 2074.900000 23.921065
Fe_H -0.030000 0.100000