1 13 1424.47 0.6
2 13 1468.21 2.935
0 14 1476.04 0.685
1 14 1522.27 0.51
2 14 1570.26 3.145
0 15 1574.69 0.28
1 15 1618.95 0.38
2 15 1663.71 1.225
0 16 1670.99 0.265
1 16 1714.04 0.295
2 16 1757.2 0.83
0 17 1765.96 0.22
1 17 1809.8 0.28
2 17 1853.25 0.96
0 18 1861.37 0.265
1 18 1905.28 0.26
2 18 1949.23 0.45
0 19 1957.86 0.18
1 19 2002.91 0.145
2 19 2047.9 0.43
0 20 2055.61 0.175
1 20 2100.44 0.165
2 20 2145.86 0.53
0 21 2153.19 0.22
1 21 2198.53 0.205
2 21 2242.52 0.615
0 22 2250.74 0.255
1 22 2296.8 0.29
2 22 2342.32 0.905
0 23 2349.16 0.395
1 23 2394.84 0.425
2 23 2437.86 0.835
0 24 2446.02 0.49
1 24 2492.57 0.62
2 24 2536.66 1.96
0 25 2545.31 0.56
1 25 2591.24 1.025
2 25 2639.84 1.885
0 26 2646.62 2.455
1 26 2694.12 1.85
Teff 5860.000000 180.000000
numax 2079.300000 22.440371
Fe_H -0.440000 0.180000