1 13 1420.84 0.21
2 13 1466.0 0.885
0 14 1472.96 0.225
1 14 1517.08 0.17
2 14 1562.34 0.425
0 15 1569.01 0.19
1 15 1612.46 0.14
2 15 1656.32 0.34
0 16 1663.05 0.11
1 16 1706.18 0.1
2 16 1750.26 0.18
0 17 1756.69 0.07
1 17 1800.5 0.075
2 17 1844.74 0.145
0 18 1851.15 0.08
1 18 1895.59 0.06
2 18 1940.45 0.115
0 19 1946.65 0.06
1 19 1991.57 0.06
2 19 2036.35 0.095
0 20 2042.31 0.055
1 20 2087.45 0.06
2 20 2132.34 0.1
0 21 2138.21 0.06
1 21 2183.32 0.07
2 21 2227.82 0.125
0 22 2233.51 0.085
1 22 2279.09 0.085
2 22 2324.03 0.195
0 23 2329.03 0.13
1 23 2375.03 0.115
2 23 2419.92 0.29
0 24 2425.2 0.225
1 24 2471.7 0.21
2 24 2516.54 0.565
0 25 2521.91 0.325
1 25 2567.82 0.385
2 25 2613.77 1.05
0 26 2617.38 0.855
1 26 2665.52 0.74
2 26 2708.44 1.06
0 27 2712.67 0.985
1 27 2761.16 0.865
Teff 5846.000000 77.000000
numax 2089.300000 20.724914
Fe_H 0.360000 0.100000