2 9 571.01 1.495
0 10 573.78 0.585
1 10 595.74 0.425
2 10 620.52 1.145
0 11 624.23 0.74
1 11 645.75 0.315
2 11 669.44 0.805
0 12 673.05 0.685
1 12 694.25 0.255
2 12 719.64 0.55
0 13 723.0 0.375
1 13 745.12 0.195
2 13 771.19 0.435
0 14 775.36 0.4
1 14 796.99 0.205
2 14 823.92 0.405
0 15 827.5 0.295
1 15 849.25 0.195
2 15 874.55 0.435
0 16 877.77 0.47
1 16 900.35 0.25
2 16 924.93 0.785
0 17 930.36 0.555
1 17 951.34 0.22
2 17 976.79 0.765
0 18 980.14 0.495
1 18 1002.51 0.22
2 18 1029.29 0.415
0 19 1030.94 0.105
1 19 1054.16 0.22
2 19 1081.54 0.445
0 20 1083.46 0.335
1 20 1107.1 0.255
2 20 1134.39 0.725
0 21 1136.18 0.46
1 21 1159.55 0.315
2 21 1186.75 0.6
0 22 1189.45 0.505
1 22 1213.44 0.42
2 22 1239.93 0.99
0 23 1241.41 0.54
1 23 1265.42 0.44
2 23 1289.96 1.285
0 24 1293.76 0.845
1 24 1319.43 0.72
2 24 1343.81 1.29
0 25 1345.96 1.225
1 25 1370.06 0.86
2 25 1399.93 1.12
0 26 1402.28 0.995
Teff 6331.000000 77.000000
numax 958.300000 10.167214
Fe_H -0.050000 0.100000