1 12 1393.95 0.18
0 13 1449.95 0.225
1 13 1495.44 0.185
2 13 1542.17 0.51
0 14 1550.17 0.135
1 14 1594.88 0.145
2 14 1642.36 0.37
0 15 1649.72 0.115
1 15 1694.13 0.095
2 15 1741.13 0.17
0 16 1748.2 0.075
1 16 1793.37 0.085
2 16 1841.23 0.15
0 17 1847.81 0.07
1 17 1893.75 0.075
2 17 1941.88 0.11
0 18 1948.28 0.07
1 18 1994.87 0.065
2 18 2043.09 0.115
0 19 2049.43 0.065
1 19 2095.84 0.06
2 19 2143.95 0.12
0 20 2149.97 0.07
1 20 2196.79 0.07
2 20 2245.12 0.145
0 21 2250.59 0.09
1 21 2297.82 0.085
2 21 2345.7 0.27
0 22 2351.59 0.15
1 22 2399.29 0.14
2 22 2447.72 0.345
0 23 2453.1 0.245
1 23 2501.02 0.205
2 23 2550.19 0.435
0 24 2556.1 0.345
1 24 2603.64 0.305
2 24 2651.29 0.98
0 25 2656.6 0.51
1 25 2706.48 0.575
2 25 2755.04 1.165
0 26 2759.47 0.995
1 26 2809.84 0.75
2 26 2854.46 1.555
0 27 2862.67 1.13
1 27 2911.25 1.455
Teff 6033.000000 77.000000
numax 2126.900000 21.306453
Fe_H -0.230000 0.100000