1 11 1334.29 1.005
0 12 1390.81 0.865
1 12 1437.39 0.445
2 12 1487.83 0.71
0 13 1495.05 0.235
1 13 1542.06 0.14
2 13 1590.37 0.385
0 14 1598.69 0.07
1 14 1645.14 0.11
2 14 1693.94 0.185
0 15 1700.95 0.1
1 15 1747.2 0.085
2 15 1795.84 0.13
0 16 1802.35 0.08
1 16 1849.01 0.055
2 16 1898.4 0.1
0 17 1904.52 0.06
1 17 1952.01 0.05
2 17 2001.59 0.08
0 18 2007.54 0.045
1 18 2055.49 0.045
2 18 2105.37 0.055
0 19 2110.95 0.04
1 19 2159.15 0.045
2 19 2208.93 0.07
0 20 2214.23 0.05
1 20 2262.56 0.05
2 20 2312.5 0.08
0 21 2317.28 0.06
1 21 2366.24 0.06
2 21 2416.25 0.12
0 22 2420.94 0.08
1 22 2470.23 0.09
2 22 2520.73 0.2
0 23 2524.95 0.155
1 23 2574.66 0.12
2 23 2624.64 0.36
0 24 2628.93 0.26
1 24 2679.73 0.2
2 24 2730.02 0.755
0 25 2733.57 0.42
1 25 2783.82 0.335
2 25 2836.09 0.8
0 26 2840.15 0.945
1 26 2890.2 0.69
2 26 2940.39 1.105
0 27 2944.94 0.795
1 27 2994.84 1.015
Teff 5825.000000 50.000000
numax 2188.500000 21.584702
Fe_H 0.100000 0.030000