1 12 1423.27 0.425
0 13 1478.93 0.26
1 13 1526.43 0.325
2 13 1574.17 0.89
0 14 1582.07 0.255
1 14 1628.95 0.235
2 14 1676.29 0.295
0 15 1684.36 0.185
1 15 1730.17 0.18
2 15 1777.57 0.23
0 16 1785.24 0.135
1 16 1831.66 0.125
2 16 1879.19 0.26
0 17 1886.53 0.11
1 17 1933.62 0.1
2 17 1981.28 0.185
0 18 1989.05 0.085
1 18 2036.58 0.095
2 18 2084.68 0.13
0 19 2092.14 0.09
1 19 2140.26 0.09
2 19 2188.48 0.15
0 20 2195.64 0.1
1 20 2243.24 0.1
2 20 2291.9 0.21
0 21 2298.54 0.13
1 21 2347.26 0.13
2 21 2395.37 0.315
0 22 2401.72 0.185
1 22 2450.56 0.17
2 22 2498.03 0.38
0 23 2505.56 0.245
1 23 2554.19 0.235
2 23 2602.54 0.99
0 24 2608.77 0.73
1 24 2657.85 0.525
2 24 2707.73 1.465
0 25 2713.2 0.895
1 25 2764.13 0.675
2 25 2809.62 2.92
0 26 2819.74 1.465
1 26 2868.07 1.29
Teff 6140.000000 77.000000
numax 2203.700000 22.360730
Fe_H -0.190000 0.100000