1 12 1439.98 0.38
0 13 1497.32 0.19
1 13 1545.05 0.2
2 13 1593.73 0.315
0 14 1601.65 0.135
1 14 1649.16 0.17
2 14 1697.49 0.37
0 15 1705.28 0.09
1 15 1752.23 0.115
2 15 1800.37 0.195
0 16 1807.46 0.095
1 16 1854.56 0.09
2 16 1902.55 0.175
0 17 1909.94 0.085
1 17 1957.32 0.09
2 17 2005.66 0.13
0 18 2013.06 0.085
1 18 2061.47 0.07
2 18 2110.19 0.1
0 19 2117.35 0.065
1 19 2165.91 0.07
2 19 2214.39 0.095
0 20 2221.52 0.06
1 20 2270.39 0.07
2 20 2318.82 0.12
0 21 2325.64 0.08
1 21 2374.55 0.08
2 21 2423.11 0.2
0 22 2429.81 0.105
1 22 2478.93 0.1
2 22 2528.38 0.22
0 23 2534.02 0.145
1 23 2583.85 0.135
2 23 2633.84 0.35
0 24 2639.38 0.185
1 24 2689.27 0.195
2 24 2738.6 0.545
0 25 2744.16 0.39
1 25 2794.15 0.365
2 25 2845.24 1.03
0 26 2848.94 0.8
1 26 2900.82 0.495
2 26 2951.5 1.14
0 27 2954.37 0.88
1 27 3005.94 0.725
Teff 6037.000000 77.000000
numax 2248.600000 22.240909
Fe_H -0.040000 0.100000