1 13 1593.23 0.55
0 14 1652.42 0.53
1 14 1699.27 0.575
0 15 1758.45 0.65
1 15 1806.72 0.285
0 16 1864.44 0.26
1 16 1911.9 0.155
0 17 1969.94 0.195
1 17 2019.17 0.175
2 17 2070.37 0.55
0 18 2077.54 0.205
1 18 2127.01 0.12
2 18 2178.09 0.27
0 19 2184.83 0.105
1 19 2234.77 0.11
2 19 2285.96 0.28
0 20 2291.86 0.165
1 20 2342.43 0.16
2 20 2393.37 0.52
0 21 2399.37 0.235
1 21 2449.56 0.305
2 21 2501.51 0.93
0 22 2507.18 0.35
1 22 2558.4 0.475
2 22 2610.92 1.075
0 23 2616.2 1.12
1 23 2666.36 1.19
2 23 2719.03 3.545
0 24 2724.32 1.49
1 24 2774.68 1.865
2 24 2828.31 1.59
0 25 2833.12 2.14
1 25 2881.56 1.26
Teff 6047.000000 77.000000
numax 2278.800000 32.568288
Fe_H -0.310000 0.100000