1 13 1625.63 0.22
0 14 1685.92 0.185
1 14 1734.64 0.15
0 15 1793.4 0.17
1 15 1842.39 0.165
2 15 1894.31 0.355
0 16 1900.47 0.2
1 16 1949.7 0.12
2 16 2001.85 0.26
0 17 2008.44 0.105
1 17 2058.62 0.09
2 17 2110.8 0.165
0 18 2117.13 0.06
1 18 2167.71 0.075
2 18 2220.46 0.145
0 19 2226.0 0.07
1 19 2276.81 0.07
2 19 2329.76 0.13
0 20 2334.98 0.08
1 20 2386.27 0.075
2 20 2438.62 0.19
0 21 2443.52 0.1
1 21 2495.51 0.11
2 21 2548.42 0.26
0 22 2552.5 0.155
1 22 2605.21 0.125
2 22 2657.39 0.545
0 23 2662.23 0.295
1 23 2715.28 0.25
2 23 2770.81 0.93
0 24 2773.88 0.47
1 24 2826.22 0.545
2 24 2878.55 1.95
0 25 2881.21 1.15
Teff 5852.000000 77.000000
numax 2314.700000 24.516677
Fe_H -0.180000 0.100000