1 12 1444.83 0.495
0 13 1498.39 0.815
1 13 1549.57 2.175
2 13 1591.51 1.63
0 14 1603.94 1.415
1 14 1651.82 0.625
2 14 1697.78 1.12
0 15 1707.93 0.43
1 15 1756.24 0.335
2 15 1804.27 1.15
0 16 1812.89 0.3
1 16 1861.43 0.27
2 16 1906.11 0.5
0 17 1916.09 0.22
1 17 1964.66 0.18
2 17 2010.56 0.53
0 18 2018.83 0.23
1 18 2067.71 0.16
2 18 2112.25 0.365
0 19 2122.59 0.185
1 19 2171.62 0.13
2 19 2217.68 0.295
0 20 2227.45 0.155
1 20 2276.89 0.13
2 20 2323.77 0.275
0 21 2333.17 0.135
1 21 2382.67 0.145
2 21 2428.8 0.28
0 22 2438.37 0.21
1 22 2488.48 0.165
2 22 2535.77 0.39
0 23 2544.63 0.225
1 23 2594.2 0.18
2 23 2640.23 0.56
0 24 2649.57 0.32
1 24 2699.89 0.28
2 24 2747.21 0.8
0 25 2755.29 0.42
1 25 2805.4 0.375
2 25 2850.63 1.105
0 26 2860.13 0.585
1 26 2912.04 0.51
2 26 2959.02 0.875
0 27 2967.57 1.535
1 27 3018.78 0.765
2 27 3066.65 1.79
0 28 3073.79 1.85
1 28 3122.7 1.095
2 28 3170.47 2.35
0 29 3178.01 2.23
1 29 3226.98 1.44
Teff 6177.000000 77.000000
numax 2357.200000 24.465603
Fe_H -0.070000 0.100000