1 11 1351.15 0.645
0 12 1407.23 1.065
1 12 1454.25 0.615
0 13 1510.1 0.59
1 13 1558.45 0.48
2 13 1605.68 0.775
0 14 1615.12 0.265
1 14 1664.09 0.22
2 14 1711.4 0.55
0 15 1720.35 0.175
1 15 1769.65 0.145
2 15 1816.19 0.35
0 16 1825.41 0.125
1 16 1873.88 0.135
2 16 1919.97 0.26
0 17 1929.05 0.13
1 17 1977.35 0.115
2 17 2023.8 0.215
0 18 2032.68 0.11
1 18 2081.57 0.09
2 18 2128.62 0.155
0 19 2137.59 0.095
1 19 2186.89 0.085
2 19 2234.7 0.16
0 20 2243.42 0.08
1 20 2293.05 0.09
2 20 2340.63 0.165
0 21 2349.64 0.085
1 21 2399.39 0.09
2 21 2446.71 0.155
0 22 2455.69 0.105
1 22 2505.34 0.105
2 22 2552.85 0.23
0 23 2561.29 0.145
1 23 2611.2 0.135
2 23 2658.63 0.325
0 24 2666.49 0.23
1 24 2717.47 0.175
2 24 2765.05 0.4
0 25 2773.06 0.305
1 25 2824.15 0.265
2 25 2872.28 0.545
0 26 2879.34 0.53
1 26 2931.24 0.345
2 26 2978.49 0.82
0 27 2987.15 0.49
1 27 3038.67 0.52
2 27 3084.55 1.48
0 28 3092.8 0.9
1 28 3145.65 0.615
2 28 3194.64 1.475
0 29 3204.41 0.905
1 29 3251.96 1.59
2 29 3302.59 2.365
0 30 3314.17 2.045
Teff 6313.000000 77.000000
numax 2364.200000 23.439731
Fe_H -0.070000 0.100000