1 13 1649.83 0.09
2 13 1702.96 0.305
0 14 1710.04 0.14
1 14 1760.6 0.09
2 14 1812.0 0.18
0 15 1819.69 0.08
1 15 1869.81 0.085
2 15 1921.93 0.16
0 16 1928.38 0.085
1 16 1978.79 0.06
2 16 2030.97 0.095
0 17 2036.98 0.06
1 17 2088.32 0.05
2 17 2141.09 0.04
0 18 2146.76 0.04
1 18 2198.47 0.04
2 18 2251.6 0.04
0 19 2257.01 0.04
1 19 2309.0 0.03
2 19 2362.03 0.035
0 20 2367.08 0.03
1 20 2419.44 0.03
2 20 2472.38 0.05
0 21 2477.04 0.04
1 21 2529.66 0.04
2 21 2583.03 0.07
0 22 2587.51 0.07
1 22 2640.36 0.065
2 22 2693.89 0.12
0 23 2698.23 0.13
1 23 2751.34 0.175
2 23 2806.2 0.73
0 24 2808.72 0.435
1 24 2862.74 0.46
2 24 2916.97 1.68
0 25 2920.03 0.865
1 25 2974.73 0.745
2 25 3026.88 3.395
0 26 3032.28 1.915
Teff 5674.000000 77.000000
numax 2384.000000 23.790129
Fe_H 0.280000 0.100000