0 12 1460.32 0.305
1 12 1509.95 0.79
2 12 1563.14 2.95
0 13 1569.29 3.91
1 13 1617.69 2.375
2 13 1670.86 2.96
0 14 1678.16 0.75
1 14 1728.41 0.585
2 14 1778.3 1.39
0 15 1787.34 0.325
1 15 1836.47 0.39
2 15 1886.35 1.645
0 16 1894.08 0.33
1 16 1943.95 0.25
2 16 1993.27 0.505
0 17 2001.71 0.165
1 17 2051.65 0.16
2 17 2101.22 0.315
0 18 2109.82 0.105
1 18 2160.76 0.095
2 18 2210.43 0.265
0 19 2219.19 0.09
1 19 2270.53 0.11
2 19 2320.88 0.195
0 20 2328.7 0.11
1 20 2380.1 0.115
2 20 2429.68 0.335
0 21 2438.22 0.125
1 21 2489.7 0.165
2 21 2540.25 0.425
0 22 2547.7 0.2
1 22 2598.91 0.24
2 22 2649.75 0.71
0 23 2657.23 0.34
1 23 2708.87 0.315
2 23 2760.17 1.235
0 24 2767.11 0.68
1 24 2820.24 0.52
2 24 2869.22 2.465
0 25 2876.18 0.78
1 25 2930.67 0.77
2 25 2978.98 2.305
0 26 2988.03 0.99
1 26 3042.9 1.015
Teff 6143.000000 77.000000
numax 2396.700000 25.307029
Fe_H -0.290000 0.100000