2 10 626.26 1.67
0 11 632.2 0.615
1 11 653.33 0.305
2 11 675.37 1.135
0 12 681.6 0.34
1 12 702.74 0.355
2 12 726.93 1.08
0 13 731.85 0.51
1 13 753.94 0.265
2 13 779.59 0.67
0 14 784.16 0.355
1 14 806.15 0.26
2 14 832.76 0.54
0 15 837.07 0.285
1 15 859.14 0.235
2 15 885.1 0.565
0 16 889.34 0.395
1 16 911.3 0.215
2 16 936.31 0.51
0 17 940.71 0.36
1 17 962.46 0.19
2 17 987.16 0.455
0 18 992.26 0.315
1 18 1014.03 0.235
2 18 1039.85 0.72
0 19 1043.26 0.535
1 19 1067.21 0.26
2 19 1094.32 0.68
0 20 1097.55 0.495
1 20 1120.98 0.32
2 20 1146.73 0.69
0 21 1150.17 0.575
1 21 1174.88 0.38
2 21 1200.46 1.08
0 22 1202.89 0.72
1 22 1228.48 0.615
2 22 1252.41 1.69
0 23 1255.24 1.11
1 23 1281.18 0.54
2 23 1306.09 1.265
0 24 1310.74 0.79
1 24 1334.23 0.645
2 24 1356.35 1.53
0 25 1364.43 0.735
1 25 1391.34 1.305
Teff 6384.000000 77.000000
numax 970.000000 11.794018
Fe_H -0.150000 0.100000