1 14 1770.17 0.575
1 15 1880.03 0.29
0 16 1939.58 0.2
1 16 1989.94 0.21
2 16 2041.92 0.89
0 17 2049.21 0.345
1 17 2100.45 0.195
2 17 2152.32 0.4
0 18 2160.25 0.14
1 18 2211.9 0.11
2 18 2264.55 0.365
0 19 2271.29 0.135
1 19 2323.85 0.14
2 19 2375.99 0.215
0 20 2382.64 0.115
1 20 2434.99 0.12
2 20 2487.96 0.255
0 21 2494.34 0.205
1 21 2546.52 0.155
2 21 2599.58 0.725
0 22 2605.51 0.36
1 22 2658.42 0.275
2 22 2713.02 1.035
0 23 2718.05 1.05
Teff 6068.000000 102.000000
numax 2397.900000 35.161172
Fe_H -0.990000 0.190000