1 12 1628.64 0.215
0 13 1694.63 0.315
1 13 1745.12 0.305
0 14 1810.6 1.015
1 14 1860.94 0.23
2 14 1918.22 0.225
0 15 1925.5 0.11
1 15 1976.83 0.105
2 15 2034.02 0.135
0 16 2041.4 0.085
1 16 2093.45 0.07
2 16 2151.4 0.08
0 17 2158.14 0.07
1 17 2210.84 0.055
2 17 2268.73 0.075
0 18 2274.77 0.05
1 18 2328.22 0.05
2 18 2386.15 0.07
0 19 2391.59 0.055
1 19 2445.54 0.05
2 19 2503.7 0.1
0 20 2508.53 0.07
1 20 2563.48 0.08
2 20 2621.87 0.135
0 21 2626.16 0.09
1 21 2681.69 0.095
2 21 2740.64 0.26
0 22 2744.32 0.195
1 22 2800.68 0.21
2 22 2858.39 0.585
0 23 2862.22 0.38
1 23 2919.14 0.34
2 23 2977.61 1.46
0 24 2981.08 0.57
1 24 3038.65 0.715
2 24 3095.58 1.275
0 25 3098.45 1.015
1 25 3158.32 0.615
2 25 3217.66 1.815
0 26 3222.11 2.375
1 26 3278.86 0.66
Teff 5873.000000 77.000000
numax 2455.300000 25.375850
Fe_H -0.920000 0.100000