1 12 1631.09 0.285
2 12 1685.79 0.665
0 13 1695.02 0.125
1 13 1749.25 0.185
2 13 1804.24 0.59
0 14 1812.44 0.135
1 14 1866.48 0.12
2 14 1921.25 0.18
0 15 1928.89 0.105
1 15 1982.61 0.085
2 15 2037.2 0.18
0 16 2044.36 0.07
1 16 2098.16 0.06
2 16 2152.52 0.105
0 17 2159.5 0.06
1 17 2214.33 0.07
2 17 2269.11 0.095
0 18 2275.95 0.055
1 18 2331.16 0.04
2 18 2386.25 0.07
0 19 2392.64 0.045
1 19 2448.18 0.05
2 19 2503.41 0.065
0 20 2509.68 0.04
1 20 2565.43 0.045
2 20 2620.56 0.065
0 21 2626.46 0.05
1 21 2682.25 0.05
2 21 2737.71 0.075
0 22 2743.32 0.065
1 22 2799.61 0.07
2 22 2855.51 0.12
0 23 2860.68 0.095
1 23 2917.89 0.115
2 23 2973.4 0.305
0 24 2978.18 0.175
1 24 3035.81 0.175
2 24 3092.49 0.575
0 25 3097.17 0.415
1 25 3154.7 0.3
2 25 3210.65 1.185
0 26 3216.45 0.48
1 26 3273.59 0.47
2 26 3330.03 2.225
0 27 3336.01 1.06
1 27 3391.76 1.09
Teff 5750.000000 50.000000
numax 2561.300000 25.425523
Fe_H 0.050000 0.020000