0 16 2023.32 0.985
1 16 2078.0 0.475
2 16 2129.26 2.08
0 17 2138.03 0.33
1 17 2192.11 0.41
2 17 2243.52 1.11
0 18 2252.93 0.53
1 18 2306.74 0.295
2 18 2358.81 1.02
0 19 2367.83 0.215
1 19 2422.53 0.215
2 19 2474.85 0.805
0 20 2483.94 0.28
1 20 2539.29 0.235
2 20 2591.34 0.41
0 21 2600.86 0.22
1 21 2655.38 0.22
2 21 2706.61 1.015
0 22 2716.92 0.33
1 22 2771.91 0.255
2 22 2824.69 1.105
0 23 2833.07 0.49
1 23 2889.54 0.825
2 23 2939.15 1.0
0 24 2949.38 0.73
1 24 3004.37 0.79
2 24 3059.07 2.335
0 25 3070.79 2.23
2 25 3173.11 2.115
0 26 3184.27 0.905
0 27 3301.82 0.605
Teff 5949.000000 77.000000
numax 2653.000000 52.720371
Fe_H 0.110000 0.100000