0 14 1804.49 0.265
0 15 1922.22 0.475
1 15 1976.16 0.405
0 16 2039.25 0.455
1 16 2092.85 0.285
0 17 2154.29 0.205
1 17 2208.2 0.205
2 17 2257.28 1.1
0 18 2269.29 0.21
1 18 2323.59 0.19
2 18 2374.28 0.645
0 19 2385.79 0.135
1 19 2440.23 0.14
2 19 2492.65 0.34
0 20 2502.81 0.11
1 20 2557.97 0.105
2 20 2610.2 0.275
0 21 2620.26 0.085
1 21 2675.59 0.12
2 21 2727.84 0.275
0 22 2737.47 0.12
1 22 2792.81 0.125
2 22 2844.52 0.315
0 23 2854.92 0.155
1 23 2909.77 0.18
2 23 2962.94 0.51
0 24 2972.46 0.23
1 24 3028.03 0.245
2 24 3080.3 1.305
0 25 3089.71 0.46
1 25 3146.23 0.41
2 25 3198.47 1.45
0 26 3208.53 1.1
1 26 3264.95 0.54
1 27 3381.84 1.155
Teff 6302.000000 77.000000
numax 2690.400000 28.641529
Fe_H 0.100000 0.100000