0 14 1848.95 3.32
2 14 1958.7 0.315
0 15 1969.86 0.16
1 15 2025.18 0.145
2 15 2077.46 0.64
0 16 2088.92 0.24
1 16 2144.14 0.175
2 16 2195.88 0.59
0 17 2207.58 0.38
1 17 2262.38 0.175
2 17 2314.12 0.375
0 18 2325.38 0.17
1 18 2380.83 0.1
2 18 2433.84 0.145
0 19 2444.44 0.125
1 19 2500.83 0.1
2 19 2553.81 0.21
0 20 2564.45 0.15
1 20 2621.01 0.08
2 20 2674.68 0.15
0 21 2684.64 0.09
1 21 2741.29 0.09
2 21 2794.48 0.17
0 22 2804.41 0.16
1 22 2861.09 0.11
2 22 2914.55 0.205
0 23 2924.94 0.19
1 23 2981.66 0.14
2 23 3035.13 0.305
0 24 3044.54 0.3
1 24 3102.15 0.24
2 24 3157.36 0.795
0 25 3165.23 0.585
1 25 3222.8 0.41
2 25 3278.52 1.485
0 26 3285.56 1.53
Teff 6045.000000 77.000000
numax 2737.000000 30.128965
Fe_H -0.060000 0.100000