1 13 1783.39 0.44
0 14 1847.24 0.245
1 14 1903.59 0.285
0 15 1967.98 0.255
1 15 2023.84 0.3
0 16 2087.94 0.2
1 16 2143.13 0.18
2 16 2195.24 0.465
0 17 2206.51 0.15
1 17 2261.24 0.135
2 17 2312.71 0.37
0 18 2324.44 0.105
1 18 2379.78 0.1
2 18 2432.2 0.205
0 19 2443.15 0.1
1 19 2499.44 0.09
2 19 2552.41 0.15
0 20 2563.54 0.09
1 20 2619.93 0.09
2 20 2673.14 0.145
0 21 2683.95 0.1
1 21 2740.44 0.085
2 21 2793.38 0.16
0 22 2804.57 0.085
1 22 2860.99 0.095
2 22 2913.84 0.18
0 23 2924.53 0.095
1 23 2981.32 0.12
2 23 3034.23 0.275
0 24 3044.84 0.13
1 24 3102.03 0.155
2 24 3155.04 0.375
0 25 3165.48 0.245
1 25 3223.05 0.23
2 25 3275.79 0.585
0 26 3286.72 0.3
1 26 3344.14 0.295
2 26 3397.78 0.685
0 27 3408.19 0.475
1 27 3465.69 0.435
2 27 3518.57 0.95
0 28 3531.33 0.74
1 28 3587.27 0.655
2 28 3640.42 1.855
0 29 3651.16 0.84
1 29 3710.84 0.84
2 29 3762.28 1.69
0 30 3769.72 1.095
1 30 3836.23 1.275
Teff 6067.000000 120.000000
numax 2795.300000 27.762184
Fe_H -0.100000 0.150000