1 14 1949.29 0.47
1 15 2072.94 0.57
1 16 2194.36 0.45
2 16 2247.25 0.79
0 17 2258.74 0.34
1 17 2315.65 0.36
2 17 2368.31 0.64
0 18 2380.18 0.27
1 18 2436.36 0.235
2 18 2490.15 0.465
0 19 2501.35 0.185
1 19 2558.73 0.195
2 19 2612.33 0.775
0 20 2624.26 0.16
1 20 2682.0 0.165
2 20 2736.76 0.63
0 21 2747.08 0.145
1 21 2805.33 0.165
2 21 2859.46 0.315
0 22 2870.62 0.15
1 22 2927.61 0.17
2 22 2982.03 0.305
0 23 2992.84 0.2
1 23 3051.08 0.245
2 23 3105.75 0.645
0 24 3116.81 0.3
1 24 3174.81 0.35
2 24 3232.28 1.68
0 25 3240.11 0.88
1 25 3297.86 0.675
2 25 3353.18 1.785
0 26 3360.85 3.55
1 26 3421.04 1.065
0 27 3488.39 0.815
Teff 6107.000000 77.000000
numax 2862.600000 35.168320
Fe_H -0.040000 0.100000