1 14 1948.26 0.405
0 15 2014.17 1.385
1 15 2072.94 0.46
0 16 2137.25 1.055
1 16 2194.15 0.335
0 17 2259.1 0.475
1 17 2315.39 0.215
2 17 2367.05 0.95
0 18 2379.69 0.425
1 18 2436.27 0.19
2 18 2488.69 1.25
0 19 2501.01 0.23
1 19 2558.24 0.14
2 19 2611.54 0.275
0 20 2623.47 0.185
1 20 2681.06 0.14
2 20 2734.74 0.155
0 21 2746.88 0.17
1 21 2804.31 0.1
2 21 2858.6 0.23
0 22 2870.07 0.245
1 22 2927.41 0.13
2 22 2981.67 0.34
0 23 2992.88 0.19
1 23 3050.03 0.175
2 23 3104.7 0.335
0 24 3115.22 0.365
1 24 3173.79 0.315
2 24 3228.01 0.695
0 25 3238.55 0.715
1 25 3296.95 0.63
2 25 3352.11 1.31
0 26 3362.41 1.31
1 26 3423.78 1.885
Teff 6045.000000 77.000000
numax 2899.700000 35.759777
Fe_H 0.060000 0.100000