1 9 578.28 0.135
2 9 603.15 0.715
0 10 607.01 0.15
1 10 628.71 0.14
2 10 653.42 0.29
0 11 658.49 0.115
1 11 680.64 0.2
2 11 709.74 0.61
0 12 711.17 0.285
1 12 734.17 0.135
2 12 761.35 0.2
0 13 765.31 0.105
1 13 787.75 0.11
2 13 814.37 0.225
0 14 818.34 0.15
1 14 840.23 0.095
2 14 866.55 0.15
0 15 870.74 0.105
1 15 892.88 0.075
2 15 919.94 0.165
0 16 923.81 0.1
1 16 946.57 0.07
2 16 973.76 0.165
0 17 977.89 0.095
1 17 1000.84 0.085
2 17 1028.86 0.175
0 18 1032.52 0.105
1 18 1055.39 0.085
2 18 1083.4 0.19
0 19 1086.79 0.14
1 19 1109.59 0.105
2 19 1137.17 0.3
0 20 1141.11 0.195
1 20 1163.83 0.125
2 20 1191.85 0.395
0 21 1194.68 0.23
1 21 1218.28 0.155
2 21 1246.74 0.45
0 22 1249.75 0.335
1 22 1273.88 0.225
2 22 1300.98 0.525
0 23 1304.86 0.365
1 23 1328.72 0.28
2 23 1356.84 0.895
0 24 1359.73 0.66
1 24 1383.88 0.445
2 24 1409.31 1.59
0 25 1415.55 0.96
1 25 1440.86 0.81
Teff 6132.000000 77.000000
numax 995.100000 10.044930
Fe_H -0.230000 0.100000