0 16 2323.27 2.18
1 16 2382.71 0.245
0 17 2452.74 0.175
1 17 2514.29 0.2
2 17 2573.21 0.32
0 18 2583.54 0.155
1 18 2645.97 0.125
2 18 2705.93 0.345
0 19 2715.67 0.13
1 19 2778.79 0.1
2 19 2839.23 0.19
0 20 2848.18 0.07
1 20 2911.46 0.08
2 20 2972.53 0.25
0 21 2980.85 0.09
1 21 3044.45 0.105
2 21 3104.21 0.215
0 22 3113.54 0.08
1 22 3176.79 0.1
2 22 3237.23 0.31
0 23 3246.19 0.155
1 23 3310.13 0.16
2 23 3370.8 0.4
0 24 3380.05 0.215
1 24 3442.91 0.3
2 24 3506.81 1.205
0 25 3511.91 0.875
1 25 3577.69 0.815
Teff 5270.000000 180.000000
numax 2988.600000 34.384644
Fe_H -0.120000 0.180000