0 15 2503.55 2.07
2 15 2643.39 1.095
0 16 2652.74 0.35
1 16 2724.42 0.135
2 16 2793.53 0.625
0 17 2802.67 0.1
1 17 2874.44 0.095
2 17 2943.99 0.935
0 18 2953.09 0.085
1 18 3025.3 0.1
2 18 3095.18 0.49
0 19 3103.72 0.09
1 19 3176.63 0.09
2 19 3246.83 0.235
0 20 3254.69 0.09
1 20 3327.75 0.07
2 20 3398.54 0.225
0 21 3405.78 0.09
1 21 3479.04 0.1
2 21 3549.26 0.295
0 22 3556.55 0.105
1 22 3630.53 0.105
2 22 3701.25 0.37
0 23 3708.31 0.16
1 23 3782.63 0.185
2 23 3855.26 1.055
0 24 3860.35 0.285
1 24 3934.7 0.46
2 24 4005.38 1.49
0 25 4013.49 1.44
1 25 4086.85 0.97
2 25 4159.08 2.12
0 26 4166.17 0.42
1 26 4240.06 0.585
1 27 4395.61 0.265
Teff 5501.000000 77.000000
numax 3455.900000 40.622351
Fe_H -0.260000 0.100000