0 16 2626.37 0.18
1 16 2696.9 0.125
2 16 2763.05 0.435
0 17 2774.82 0.115
1 17 2844.82 0.085
2 17 2911.81 0.115
0 18 2922.87 0.06
1 18 2993.24 0.07
2 18 3060.72 0.135
0 19 3071.21 0.06
1 19 3142.17 0.06
2 19 3209.73 0.105
0 20 3220.1 0.05
1 20 3291.35 0.06
2 20 3359.22 0.11
0 21 3369.56 0.06
1 21 3440.76 0.05
2 21 3508.94 0.095
0 22 3518.65 0.06
1 22 3590.43 0.06
2 22 3658.45 0.12
0 23 3667.82 0.06
1 23 3739.77 0.07
2 23 3808.49 0.175
0 24 3817.57 0.085
1 24 3889.52 0.115
2 24 3958.09 0.285
0 25 3967.17 0.17
1 25 4039.77 0.155
2 25 4108.66 0.495
0 26 4118.18 0.2
1 26 4190.98 0.22
2 26 4259.73 0.715
0 27 4269.41 0.485
1 27 4342.14 0.52
2 27 4410.79 1.695
Teff 5488.000000 77.000000
numax 3574.700000 36.392263
Fe_H 0.340000 0.100000
