2 16 2832.03 0.88
0 17 2842.75 0.09
1 17 2915.39 0.18
2 17 2984.48 0.295
0 18 2995.29 0.135
1 18 3067.69 0.1
2 18 3137.43 0.215
0 19 3147.49 0.055
1 19 3220.84 0.09
2 19 3291.03 0.22
0 20 3300.49 0.07
1 20 3373.93 0.065
2 20 3444.62 0.19
0 21 3453.59 0.06
1 21 3527.13 0.075
2 21 3597.62 0.2
0 22 3606.3 0.095
1 22 3680.37 0.115
2 22 3750.87 0.35
0 23 3760.04 0.16
1 23 3833.92 0.145
2 23 3904.39 0.375
0 24 3913.25 0.19
1 24 3987.72 0.23
2 24 4062.58 1.325
0 25 4066.77 0.475
1 25 4142.73 0.505
2 25 4215.22 0.92
0 26 4222.41 0.72
1 26 4296.63 0.48
1 27 4453.44 0.81
Teff 5457.000000 77.000000
numax 3616.800000 43.338119
Fe_H 0.050000 0.100000