1 16 2842.27 0.3
0 17 2923.47 0.39
1 17 2998.77 0.16
2 17 3071.33 1.41
0 18 3080.06 0.125
1 18 3155.58 0.125
2 18 3228.67 0.28
0 19 3237.36 0.05
1 19 3313.29 0.085
2 19 3386.17 0.35
0 20 3394.41 0.115
1 20 3470.81 0.095
2 20 3543.97 0.225
0 21 3552.04 0.075
1 21 3628.2 0.1
2 21 3702.03 0.395
0 22 3709.33 0.12
1 22 3786.08 0.125
2 22 3859.63 0.435
0 23 3867.51 0.335
1 23 3944.35 0.22
0 24 4025.12 0.25
1 24 4103.02 0.245
0 25 4185.02 0.37
1 25 4261.82 0.29
0 26 4343.7 0.77
1 26 4421.29 0.565
Teff 5180.000000 180.000000
numax 3674.700000 57.898073
Fe_H -0.090000 0.180000