1 13 2598.38 0.59
1 14 2774.02 1.13
1 15 2945.51 0.175
0 16 3035.6 0.15
1 16 3117.86 0.135
2 16 3196.23 0.655
0 17 3207.1 0.115
1 17 3289.79 0.09
2 17 3369.66 0.365
0 18 3379.37 0.085
1 18 3462.13 0.07
2 18 3542.2 0.245
0 19 3551.65 0.07
1 19 3635.36 0.07
2 19 3714.75 0.17
0 20 3724.29 0.06
1 20 3808.11 0.075
2 20 3888.76 0.175
0 21 3897.29 0.085
1 21 3981.22 0.095
2 21 4061.81 0.15
0 22 4070.36 0.09
1 22 4154.54 0.1
2 22 4234.78 0.255
0 23 4243.88 0.1
1 23 4328.18 0.145
2 23 4411.17 0.495
0 24 4417.6 0.195
1 24 4502.35 0.17
2 24 4586.69 0.75
0 25 4592.83 0.305
1 25 4677.24 0.22
2 25 4761.52 1.15
0 26 4766.44 0.385
1 26 4851.58 0.38
2 26 4938.48 0.72
0 27 4941.06 0.57
1 27 5028.84 0.68
2 27 5111.87 1.08
Teff 5309.000000 77.000000
numax 4197.400000 45.306966
Fe_H -0.540000 0.100000
