1 8 540.09 0.355
1 9 595.71 0.16
0 10 626.75 0.115
1 10 649.77 0.17
2 10 675.44 0.545
0 11 678.86 0.16
1 11 702.54 0.18
2 11 729.05 0.565
0 12 733.19 0.3
1 12 756.78 0.145
2 12 784.09 0.345
0 13 788.69 0.205
1 13 812.62 0.12
2 13 840.07 0.33
0 14 844.35 0.135
1 14 867.83 0.11
2 14 895.16 0.21
0 15 898.73 0.225
1 15 922.32 0.12
2 15 949.47 0.29
0 16 953.23 0.14
1 16 976.63 0.1
2 16 1004.7 0.25
0 17 1008.43 0.17
1 17 1032.49 0.105
2 17 1061.25 0.215
0 18 1064.34 0.15
1 18 1088.99 0.12
2 18 1117.34 0.305
0 19 1121.03 0.195
1 19 1145.43 0.125
2 19 1173.83 0.265
0 20 1177.43 0.2
1 20 1202.09 0.145
2 20 1230.09 0.39
0 21 1233.56 0.285
1 21 1258.22 0.165
2 21 1286.16 0.41
0 22 1290.09 0.285
1 22 1314.32 0.22
2 22 1343.08 0.85
0 23 1346.33 0.5
1 23 1371.73 0.335
2 23 1397.64 0.655
0 24 1402.03 0.54
1 24 1428.18 0.375
2 24 1456.33 0.97
0 25 1460.26 1.115
1 25 1486.28 0.6
2 25 1512.29 0.99
0 26 1514.29 1.02
Teff 6146.000000 77.000000
numax 1052.000000 11.005792
Fe_H -0.160000 0.100000