1 9 611.04 0.365
1 10 668.35 0.12
1 11 722.55 0.33
2 11 745.83 1.36
0 12 753.26 0.25
1 12 777.95 0.295
2 12 804.71 0.885
0 13 808.97 0.29
1 13 834.51 0.315
2 13 862.31 1.265
0 14 866.24 0.31
1 14 891.77 0.22
2 14 918.84 0.63
0 15 923.46 0.245
1 15 949.68 0.23
2 15 976.82 0.76
0 16 980.68 0.32
1 16 1005.88 0.265
2 16 1031.35 0.725
0 17 1036.35 0.265
1 17 1062.51 0.155
2 17 1088.84 0.47
0 18 1093.0 0.185
1 18 1119.51 0.175
2 18 1146.16 0.47
0 19 1150.71 0.245
1 19 1177.45 0.17
2 19 1204.8 0.775
0 20 1207.82 0.21
1 20 1236.06 0.19
2 20 1263.0 0.895
0 21 1266.28 0.325
1 21 1294.8 0.225
2 21 1320.59 1.055
0 22 1324.48 0.295
1 22 1353.37 0.37
2 22 1379.95 1.855
0 23 1382.39 0.365
1 23 1411.08 0.335
2 23 1436.41 1.065
0 24 1440.14 0.415
1 24 1469.73 0.73
2 24 1496.85 1.63
0 25 1499.74 0.765
1 25 1529.09 0.75
Teff 6130.000000 84.000000
numax 1101.200000 12.333920
Fe_H 0.210000 0.090000