1 9 627.51 0.53
2 9 654.64 0.97
0 10 659.53 0.545
1 10 683.51 0.445
2 10 711.71 0.9
0 11 714.74 0.495
1 11 739.27 0.25
2 11 767.38 0.405
0 12 771.54 0.24
1 12 796.11 0.19
2 12 825.8 0.84
0 13 828.96 0.26
1 13 854.5 0.17
2 13 883.98 0.465
0 14 888.02 0.19
1 14 913.39 0.135
2 14 942.29 0.435
0 15 946.17 0.15
1 15 970.99 0.125
2 15 999.56 0.345
0 16 1003.66 0.155
1 16 1028.39 0.11
2 16 1057.45 0.27
0 17 1060.99 0.165
1 17 1086.64 0.11
2 17 1116.06 0.275
0 18 1120.28 0.14
1 18 1146.04 0.115
2 18 1175.41 0.275
0 19 1179.74 0.15
1 19 1205.45 0.11
2 19 1234.73 0.325
0 20 1239.42 0.15
1 20 1265.29 0.12
2 20 1294.37 0.41
0 21 1298.61 0.205
1 21 1324.33 0.145
2 21 1354.18 0.615
0 22 1357.51 0.345
1 22 1383.93 0.2
2 22 1412.83 0.485
0 23 1417.74 0.295
1 23 1442.68 0.22
2 23 1472.35 0.745
0 24 1476.32 0.475
1 24 1502.42 0.275
2 24 1532.27 0.815
0 25 1536.5 0.76
1 25 1562.68 0.405
2 25 1592.81 1.055
0 26 1597.9 0.83
1 26 1623.86 0.65
2 26 1653.25 1.15
0 27 1658.49 0.75
1 27 1683.7 0.535
2 27 1717.18 1.25
0 28 1721.44 1.455
1 28 1744.28 0.975
Teff 6235.000000 77.000000
numax 1116.600000 11.376508
Fe_H -0.200000 0.100000