2 9 668.51 2.57
0 10 673.38 0.29
1 10 698.63 0.64
2 10 726.71 2.3
0 11 730.37 0.54
1 11 755.76 0.345
2 11 784.29 0.975
0 12 787.97 0.295
1 12 813.08 0.25
2 12 839.89 0.895
0 13 846.62 0.215
1 13 872.88 0.235
2 13 901.6 0.62
0 14 906.89 0.335
1 14 933.09 0.215
2 14 963.14 0.9
0 15 966.6 0.285
1 15 992.99 0.175
2 15 1021.27 0.475
0 16 1025.66 0.21
1 16 1051.23 0.16
2 16 1080.45 0.53
0 17 1084.74 0.165
1 17 1110.9 0.13
2 17 1139.94 0.42
0 18 1144.49 0.225
1 18 1170.72 0.145
2 18 1199.84 0.46
0 19 1204.83 0.185
1 19 1231.81 0.155
2 19 1261.27 0.52
0 20 1265.87 0.275
1 20 1292.79 0.19
2 20 1322.63 0.54
0 21 1327.01 0.245
1 21 1353.75 0.23
2 21 1383.15 0.705
0 22 1387.37 0.375
1 22 1414.26 0.285
2 22 1442.16 1.07
0 23 1448.09 0.355
1 23 1475.52 0.415
2 23 1503.28 1.11
0 24 1508.09 0.89
1 24 1537.51 0.485
2 24 1564.53 1.43
0 25 1570.46 0.59
1 25 1597.81 0.75
2 25 1627.12 2.055
0 26 1632.29 1.19
1 26 1657.35 1.285
2 26 1690.31 2.49
0 27 1694.0 1.385
1 27 1720.46 1.78
Teff 6253.000000 75.000000
numax 1155.300000 12.427087
Fe_H -0.130000 0.100000