0  15  2228.749  0.014 
1  15  2291.993  0.015 
2  15  2352.222  0.017
0  16  2362.788  0.016 
1  16  2425.595  0.015 
2  16  2485.873  0.019 
0  17  2496.180  0.017 
1  17  2559.162  0.015 
2  17  2619.668  0.018 
0  18  2629.668  0.015 
1  18  2693.347  0.014 
2  18  2754.439  0.017 
0  19  2764.142  0.015 
1  19  2828.150  0.014 
2  19  2889.578  0.018 
0  20  2899.022  0.013 
1  20  2963.322  0.014 
2  20  3024.689  0.018 
0  21  3033.754  0.014 
1  21  3098.140  0.015 
2  21  3159.821  0.020 
0  22  3168.618  0.017 
1  22  3233.139  0.018 
2  22  3295.063  0.025 
0  23  3303.520  0.021 
1  23  3368.469  0.023 
2  23  3430.748  0.034 
0  24  3438.992  0.030 
1  24  3504.129  0.030 
2  24  3566.949  0.044 
0  25  3574.893  0.048 
1  25  3640.475  0.038 
2  25  3703.044  0.067 
0  26  3710.717  0.088 
1  26  3777.067  0.052 
2  26  3839.717  0.144
0  27  3846.993  0.177 
1  27  3913.570  0.068 
2  27  3976.930  0.298
Teff 5777.0 77.3
numax 3090.0 153.7339
Fe_H -0.020 0.15
