2 1.23 1.188 2.044 0.0175 0.713 102.763 6332.70
2 1.23 1.187 2.040 0.0175 0.713 102.763 6331.61
1.000000000000000 M1.23.X0.713.Z0.0175/AIMS/M1.23.X0.713.Z0.0175-0147.mod.txt
0.000000000000000 M1.23.X0.713.Z0.0175/AIMS/M1.23.X0.713.Z0.0175-0149.mod.txt

2 1.23 1.197 2.082 0.0175 0.713 241.991 6337.64
2 1.23 1.196 2.079 0.0175 0.713 241.991 6337.71
0.000000000000000 M1.23.X0.713.Z0.0175/AIMS/M1.23.X0.713.Z0.0175-0147.mod.txt
1.000000000000000 M1.23.X0.713.Z0.0175/AIMS/M1.23.X0.713.Z0.0175-0149.mod.txt

2 1.23 1.206 2.120 0.0175 0.713 378.071 6343.32
2 1.23 1.205 2.116 0.0175 0.713 378.071 6343.38
1.000000000000000 M1.23.X0.713.Z0.0175/AIMS/M1.23.X0.713.Z0.0175-0151.mod.txt
0.000000000000000 M1.23.X0.713.Z0.0175/AIMS/M1.23.X0.713.Z0.0175-0153.mod.txt

2 1.23 1.214 2.157 0.0175 0.713 509.820 6348.41
2 1.23 1.213 2.153 0.0175 0.713 509.820 6348.47
1.000000000000000 M1.23.X0.713.Z0.0175/AIMS/M1.23.X0.713.Z0.0175-0153.mod.txt
0.000000000000000 M1.23.X0.713.Z0.0175/AIMS/M1.23.X0.713.Z0.0175-0155.mod.txt

2 1.23 1.223 2.194 0.0175 0.713 636.912 6352.97
2 1.23 1.221 2.190 0.0175 0.713 636.912 6353.04
0.999999999999999 M1.23.X0.713.Z0.0175/AIMS/M1.23.X0.713.Z0.0175-0155.mod.txt
0.000000000000001 M1.23.X0.713.Z0.0175/AIMS/M1.23.X0.713.Z0.0175-0157.mod.txt

2 1.23 1.231 2.230 0.0175 0.713 759.285 6357.08
2 1.23 1.230 2.226 0.0175 0.713 759.285 6357.14
1.000000000000000 M1.23.X0.713.Z0.0175/AIMS/M1.23.X0.713.Z0.0175-0157.mod.txt
0.000000000000000 M1.23.X0.713.Z0.0175/AIMS/M1.23.X0.713.Z0.0175-0159.mod.txt

2 1.23 1.239 2.265 0.0175 0.713 877.696 6360.77
2 1.23 1.238 2.261 0.0175 0.713 877.696 6360.83
1.000000000000000 M1.23.X0.713.Z0.0175/AIMS/M1.23.X0.713.Z0.0175-0159.mod.txt
0.000000000000000 M1.23.X0.713.Z0.0175/AIMS/M1.23.X0.713.Z0.0175-0161.mod.txt

2 1.23 1.248 2.301 0.0175 0.713 992.338 6364.07
2 1.23 1.246 2.296 0.0175 0.713 992.338 6364.13
0.999999999999999 M1.23.X0.713.Z0.0175/AIMS/M1.23.X0.713.Z0.0175-0161.mod.txt
0.000000000000001 M1.23.X0.713.Z0.0175/AIMS/M1.23.X0.713.Z0.0175-0163.mod.txt

2 1.23 1.256 2.336 0.0175 0.713 1103.518 6367.00
2 1.23 1.255 2.331 0.0175 0.713 1103.518 6367.05
1.000000000000000 M1.23.X0.713.Z0.0175/AIMS/M1.23.X0.713.Z0.0175-0163.mod.txt
0.000000000000000 M1.23.X0.713.Z0.0175/AIMS/M1.23.X0.713.Z0.0175-0165.mod.txt

2 1.23 1.264 2.370 0.0175 0.713 1211.139 6369.57
2 1.23 1.263 2.366 0.0175 0.713 1211.139 6369.60
0.999999999999998 M1.23.X0.713.Z0.0175/AIMS/M1.23.X0.713.Z0.0175-0165.mod.txt
0.000000000000002 M1.23.X0.713.Z0.0175/AIMS/M1.23.X0.713.Z0.0175-0167.mod.txt

2 1.23 1.273 2.405 0.0175 0.713 1315.515 6371.77
2 1.23 1.271 2.400 0.0175 0.713 1315.515 6371.80
1.000000000000000 M1.23.X0.713.Z0.0175/AIMS/M1.23.X0.713.Z0.0175-0167.mod.txt
0.000000000000000 M1.23.X0.713.Z0.0175/AIMS/M1.23.X0.713.Z0.0175-0169.mod.txt

2 1.23 1.281 2.439 0.0175 0.713 1417.065 6373.60
2 1.23 1.279 2.434 0.0175 0.713 1417.065 6373.63
1.000000000000000 M1.23.X0.713.Z0.0175/AIMS/M1.23.X0.713.Z0.0175-0169.mod.txt
0.000000000000000 M1.23.X0.713.Z0.0175/AIMS/M1.23.X0.713.Z0.0175-0171.mod.txt

2 1.23 1.289 2.473 0.0175 0.713 1515.749 6375.07
2 1.23 1.288 2.467 0.0175 0.713 1515.749 6375.08
1.000000000000000 M1.23.X0.713.Z0.0175/AIMS/M1.23.X0.713.Z0.0175-0171.mod.txt
0.000000000000000 M1.23.X0.713.Z0.0175/AIMS/M1.23.X0.713.Z0.0175-0173.mod.txt

2 1.23 1.297 2.506 0.0175 0.713 1611.822 6376.15
2 1.23 1.296 2.503 0.0175 0.713 1611.822 6377.86
0.999999999999989 M1.23.X0.713.Z0.0175/AIMS/M1.23.X0.713.Z0.0175-0173.mod.txt
0.000000000000011 M1.23.X0.713.Z0.0175/AIMS/M1.23.X0.713.Z0.0175-0175.mod.txt

2 1.23 1.299 2.516 0.0175 0.713 1631.822 6378.10
2 1.23 1.298 2.510 0.0175 0.713 1631.821 6378.03
1.000000000000000 M1.23.X0.713.Z0.0175/AIMS/M1.23.X0.713.Z0.0175-0175.mod.txt
0.000000000000000 M1.23.X0.713.Z0.0175/AIMS/M1.23.X0.713.Z0.0175-0177.mod.txt

2 1.23 1.301 2.523 0.0175 0.713 1651.822 6378.48
2 1.23 1.299 2.517 0.0175 0.713 1651.822 6378.17
0.999999999999989 M1.23.X0.713.Z0.0175/AIMS/M1.23.X0.713.Z0.0175-0177.mod.txt
0.000000000000011 M1.23.X0.713.Z0.0175/AIMS/M1.23.X0.713.Z0.0175-0179.mod.txt

2 1.23 1.302 2.530 0.0175 0.713 1671.822 6378.64
2 1.23 1.301 2.524 0.0175 0.713 1671.822 6378.29
1.000000000000000 M1.23.X0.713.Z0.0175/AIMS/M1.23.X0.713.Z0.0175-0179.mod.txt
0.000000000000000 M1.23.X0.713.Z0.0175/AIMS/M1.23.X0.713.Z0.0175-0181.mod.txt

2 1.23 1.304 2.537 0.0175 0.713 1691.822 6378.75
2 1.23 1.303 2.531 0.0175 0.713 1691.822 6378.39
1.000000000000000 M1.23.X0.713.Z0.0175/AIMS/M1.23.X0.713.Z0.0175-0181.mod.txt
0.000000000000000 M1.23.X0.713.Z0.0175/AIMS/M1.23.X0.713.Z0.0175-0183.mod.txt

2 1.23 1.306 2.544 0.0175 0.713 1711.822 6378.84
2 1.23 1.305 2.538 0.0175 0.713 1711.822 6378.47
1.000000000000000 M1.23.X0.713.Z0.0175/AIMS/M1.23.X0.713.Z0.0175-0183.mod.txt
0.000000000000000 M1.23.X0.713.Z0.0175/AIMS/M1.23.X0.713.Z0.0175-0185.mod.txt

2 1.23 1.308 2.552 0.0175 0.713 1731.822 6378.90
2 1.23 1.306 2.545 0.0175 0.713 1731.822 6378.53
1.000000000000000 M1.23.X0.713.Z0.0175/AIMS/M1.23.X0.713.Z0.0175-0185.mod.txt
0.000000000000000 M1.23.X0.713.Z0.0175/AIMS/M1.23.X0.713.Z0.0175-0187.mod.txt

2 1.23 1.310 2.559 0.0175 0.713 1751.822 6378.94
2 1.23 1.308 2.553 0.0175 0.713 1751.822 6378.57
0.999999999999989 M1.23.X0.713.Z0.0175/AIMS/M1.23.X0.713.Z0.0175-0187.mod.txt
0.000000000000011 M1.23.X0.713.Z0.0175/AIMS/M1.23.X0.713.Z0.0175-0189.mod.txt

2 1.23 1.312 2.566 0.0175 0.713 1771.822 6378.95
2 1.23 1.310 2.560 0.0175 0.713 1771.822 6378.59
1.000000000000000 M1.23.X0.713.Z0.0175/AIMS/M1.23.X0.713.Z0.0175-0189.mod.txt
0.000000000000000 M1.23.X0.713.Z0.0175/AIMS/M1.23.X0.713.Z0.0175-0191.mod.txt

