1 1.23 1.188 2.044 0.0175 0.713 102.763 6332.70
2 1.24 1.200 2.123 0.0175 0.713 93.744 6359.30
3 1.19 1.137 1.745 0.0175 0.713 138.838 6220.85
4 1.23 1.187 2.040 0.0175 0.713 102.763 6331.61

1 1.23 1.197 2.082 0.0175 0.713 241.991 6337.64
2 1.24 1.209 2.162 0.0175 0.713 228.020 6364.82
3 1.19 1.146 1.781 0.0175 0.713 297.876 6229.28
4 1.23 1.196 2.079 0.0175 0.713 241.991 6337.71

1 1.23 1.206 2.120 0.0175 0.713 378.071 6343.32
2 1.24 1.218 2.201 0.0175 0.713 359.259 6370.26
3 1.19 1.154 1.815 0.0175 0.713 453.317 6235.83
4 1.23 1.205 2.116 0.0175 0.713 378.071 6343.38

1 1.23 1.214 2.157 0.0175 0.713 509.820 6348.41
2 1.24 1.226 2.239 0.0175 0.713 486.322 6375.22
3 1.19 1.163 1.848 0.0175 0.713 603.812 6241.47
4 1.23 1.213 2.153 0.0175 0.713 509.820 6348.47

1 1.23 1.223 2.194 0.0175 0.713 636.912 6352.97
2 1.24 1.235 2.276 0.0175 0.713 608.893 6379.65
3 1.19 1.171 1.881 0.0175 0.713 748.986 6246.58
4 1.23 1.221 2.190 0.0175 0.713 636.912 6353.04

1 1.23 1.231 2.230 0.0175 0.713 759.285 6357.08
2 1.24 1.243 2.313 0.0175 0.713 726.913 6383.61
3 1.19 1.179 1.913 0.0175 0.713 888.770 6251.26
4 1.23 1.230 2.226 0.0175 0.713 759.285 6357.14

1 1.23 1.239 2.265 0.0175 0.713 877.696 6360.77
2 1.24 1.252 2.349 0.0175 0.713 841.112 6387.15
3 1.19 1.187 1.945 0.0175 0.713 1024.029 6255.55
4 1.23 1.238 2.261 0.0175 0.713 877.696 6360.83

1 1.23 1.248 2.301 0.0175 0.713 992.338 6364.07
2 1.24 1.260 2.385 0.0175 0.713 951.676 6390.29
3 1.19 1.195 1.977 0.0175 0.713 1154.982 6259.47
4 1.23 1.246 2.296 0.0175 0.713 992.338 6364.13

1 1.23 1.256 2.336 0.0175 0.713 1103.518 6367.00
2 1.24 1.268 2.421 0.0175 0.713 1058.902 6393.06
3 1.19 1.204 2.008 0.0175 0.713 1281.982 6263.02
4 1.23 1.255 2.331 0.0175 0.713 1103.518 6367.05

1 1.23 1.264 2.370 0.0175 0.713 1211.139 6369.57
2 1.24 1.277 2.457 0.0175 0.713 1162.695 6395.45
3 1.19 1.212 2.040 0.0175 0.713 1404.915 6266.23
4 1.23 1.263 2.366 0.0175 0.713 1211.139 6369.60

1 1.23 1.273 2.405 0.0175 0.713 1315.515 6371.77
2 1.24 1.285 2.492 0.0175 0.713 1263.358 6397.47
3 1.19 1.220 2.071 0.0175 0.713 1524.142 6269.12
4 1.23 1.271 2.400 0.0175 0.713 1315.515 6371.80

1 1.23 1.281 2.439 0.0175 0.713 1417.065 6373.60
2 1.24 1.293 2.526 0.0175 0.713 1361.296 6399.11
3 1.19 1.228 2.102 0.0175 0.713 1640.141 6271.70
4 1.23 1.279 2.434 0.0175 0.713 1417.065 6373.63

1 1.23 1.289 2.473 0.0175 0.713 1515.749 6375.07
2 1.24 1.301 2.561 0.0175 0.713 1456.470 6400.36
3 1.19 1.236 2.133 0.0175 0.713 1752.865 6273.95
4 1.23 1.288 2.467 0.0175 0.713 1515.749 6375.08

1 1.23 1.297 2.506 0.0175 0.713 1611.822 6376.15
2 1.24 1.310 2.597 0.0175 0.713 1549.125 6403.36
3 1.19 1.244 2.163 0.0175 0.713 1862.607 6275.88
4 1.23 1.296 2.503 0.0175 0.713 1611.822 6377.86

1 1.23 1.299 2.516 0.0175 0.713 1631.822 6378.10
2 1.24 1.311 2.605 0.0175 0.713 1568.414 6403.47
3 1.19 1.246 2.170 0.0175 0.713 1885.453 6276.25
4 1.23 1.298 2.510 0.0175 0.713 1631.821 6378.03

1 1.23 1.301 2.523 0.0175 0.713 1651.822 6378.48
2 1.24 1.313 2.612 0.0175 0.713 1587.702 6403.56
3 1.19 1.248 2.176 0.0175 0.713 1908.298 6276.61
4 1.23 1.299 2.517 0.0175 0.713 1651.822 6378.17

1 1.23 1.302 2.530 0.0175 0.713 1671.822 6378.64
2 1.24 1.315 2.619 0.0175 0.713 1606.991 6403.63
3 1.19 1.249 2.183 0.0175 0.713 1931.144 6276.94
4 1.23 1.301 2.524 0.0175 0.713 1671.822 6378.29

1 1.23 1.304 2.537 0.0175 0.713 1691.822 6378.75
2 1.24 1.317 2.626 0.0175 0.713 1626.280 6403.67
3 1.19 1.251 2.189 0.0175 0.713 1953.989 6277.28
4 1.23 1.303 2.531 0.0175 0.713 1691.822 6378.39

1 1.23 1.306 2.544 0.0175 0.713 1711.822 6378.84
2 1.24 1.318 2.634 0.0175 0.713 1645.568 6403.69
3 1.19 1.253 2.196 0.0175 0.713 1976.835 6277.59
4 1.23 1.305 2.538 0.0175 0.713 1711.822 6378.47

1 1.23 1.308 2.552 0.0175 0.713 1731.822 6378.90
2 1.24 1.320 2.641 0.0175 0.713 1664.857 6403.70
3 1.19 1.255 2.203 0.0175 0.713 1999.681 6277.89
4 1.23 1.306 2.545 0.0175 0.713 1731.822 6378.53

1 1.23 1.310 2.559 0.0175 0.713 1751.822 6378.94
2 1.24 1.322 2.648 0.0175 0.713 1684.145 6403.67
3 1.19 1.256 2.209 0.0175 0.713 2022.526 6278.17
4 1.23 1.308 2.553 0.0175 0.713 1751.822 6378.57

1 1.23 1.312 2.566 0.0175 0.713 1771.822 6378.95
2 1.24 1.324 2.655 0.0175 0.713 1703.434 6403.63
3 1.19 1.258 2.216 0.0175 0.713 2045.372 6278.44
4 1.23 1.310 2.560 0.0175 0.713 1771.822 6378.59

