l	n	nu_theo
0	5	428.3368339893
0	6	495.3457026948
0	7	564.1569727382
0	8	633.2619573967
0	9	703.4749606852
0	10	774.3545025881
0	11	843.6541620672
0	12	911.3326595235
0	13	978.3888062751
0	14	1046.6318956743
0	15	1117.0757134584
0	16	1188.0932121933
0	17	1258.765189603
0	18	1328.8087508363
0	19	1398.2750090455
0	20	1468.2467554472
0	21	1538.9666640743
0	22	1610.1815621418
0	23	1681.8301490643
0	24	1753.4442248832
0	25	1824.8223700624
0	26	1896.031128496
1	3	374.6867071158
1	4	401.3537320885
1	5	455.7434586535
1	6	524.5370988474
1	7	594.3728686132
1	8	664.1685118738
1	9	735.1248577072
1	10	805.4567730679
1	11	873.8656360142
1	12	941.0530534821
1	13	1008.2715374522
1	14	1077.5214964921
1	15	1148.3783249509
1	16	1219.2569793608
1	17	1289.7191639408
1	18	1359.468553972
1	19	1429.0757607159
1	20	1499.5014336178
1	21	1570.5483541526
1	22	1642.1103611975
1	23	1713.9492051715
1	24	1785.605382157
1	25	1857.106504136
1	26	1928.3388857179
2	3	417.6832521528
2	4	486.2710732976
2	5	556.4795727233
2	6	626.4287577026
2	7	668.4643729564
2	8	697.4327621295
2	9	768.5114645624
2	10	838.0978318918
2	11	905.9259129724
2	12	973.0022677624
2	13	1041.0713262879
2	14	1111.389204483
2	15	1182.4234956577
2	16	1253.1523502305
2	17	1323.301612914
2	18	1392.8441911045
2	19	1462.8271804739
2	20	1533.605461597
2	21	1604.9068066717
2	22	1676.6815843584
2	23	1748.4772400878
2	24	1820.0475056103
2	25	1891.4727967023
