0 12 1850.5825907063502 0.40495
0 13 1988.044903453428 0.5556
0 14 2126.3160805729012 0.08093
0 15 2264.0410942397807 0.1776
0 16 2401.084545936409 0.11736
0 17 2537.196714877572 0.32887
0 18 2673.379529289343 0.17069
0 19 2810.7764921256016 0.11208
0 20 2948.6006270125044 0.13742
0 21 3086.720831616669 0.087
0 22 3225.013912817991 0.06685999999999999
0 23 3363.27760003501 0.10108
0 24 3502.1755155520946 0.1988
0 25 3641.401743121025 0.25136000000000003
0 26 3780.8575170611607 0.74746
1 12 1914.645569891941 0.44083
1 13 2052.372141401707 0.059500000000000004
1 14 2190.871372410722 0.2014
1 15 2328.693818818439 0.17844000000000002
1 16 2465.132461502887 0.08029
1 17 2601.5783300375533 0.15911
1 18 2738.423840994445 0.10389
1 19 2876.161097224031 0.11671
1 20 3014.5230227414063 0.09623000000000001
1 21 3152.705376909229 0.04878
1 22 3291.1705730159333 0.10006999999999999
1 23 3429.894427631678 0.15028
1 24 3568.954229654434 0.19452
1 25 3708.5418277680683 0.24176
1 26 3848.1991462137266 0.31117
2 11 1838.329864503133 0.98044
2 12 1976.1248110078461 0.31646
2 13 2114.534766040484 0.98824
2 14 2252.647862512935 0.28852
2 15 2390.174019884932 0.11692
2 16 2526.556328270448 0.10278999999999999
2 17 2663.0959823711873 0.09422
2 18 2800.749270804024 0.26142
2 19 2938.834018959728 0.21686
2 20 3077.3423328725 0.19708
2 21 3215.886996847707 0.09971000000000001
2 22 3354.453861329845 0.1295
2 23 3493.637204708054 0.22762
2 24 3633.0695366369396 0.36214999999999997
2 25 3772.826359648891 0.57843
Teff 5777.0 80.0
Fe_H 0.0 0.1