# ln(P)                  Mass, $M/M_{\odot}$    Metallicity, $\log_{10}\left(Z_0\right)$ Mass of He core, $M_{He-core}/M_{\odot}$ $A_3^{\mathrm{surf}}$  $A_{-1}^{\mathrm{surf}}$ Radius, $R/R_{\odot}$  Mass, $M/M_{\odot}$    Surface gravity (in cm.s$^{-2}$), $\log_{10}\left(g\right)$ Density (in g.cm$^{-3}$), $\rho$ Age (in Myrs), $t$     $T_{\mathrm{eff}}$ (in K) Central hydrogen, $X_c$ Luminosity, $L/L_{\odot}$ Large separation (in $\mu$Hz), $\Delta \nu$ $\nu_{\mathrm{max}}$ (in $\mu$Hz) Iron content, $\mathrm{[Fe/H]}$
  -6.131292112814093e+01  1.408003932727146e+00 -2.020250350615889e+00  1.858011859299642e-01  1.708213456456400e-10 -9.338810399270759e-06  1.205734156821970e+01  1.408003932727146e+00  2.424168366949226e+00  1.132438907533521e-03  2.901322447762776e+03  4.634809252797967e+03  4.851009604934609e-34  6.043897251721734e+01  3.534867197111341e+00  3.339750101573712e+01 -2.680601277340966e-01
  -6.174349410457048e+01  1.409108256502488e+00 -2.026955325472005e+00  1.859818960633420e-01  1.564028642518984e-10 -8.844799795325144e-06  1.208126370293617e+01  1.409108256502489e+00  2.422787258910794e+00  1.126608112517436e-03  2.878178834349362e+03  4.638322895184635e+03  4.844285806625811e-34  6.086316402338541e+01  3.525596887221733e+00  3.327884975888313e+01 -2.753609501030062e-01
  -5.983573058841803e+01  1.400225221554838e+00 -2.039865973275266e+00  1.800197061405981e-01  1.588913742006173e-10 -8.897580071691035e-06  1.205021807710801e+01  1.400225221554838e+00  2.422275710215142e+00  1.128181003935054e-03  2.885519659888429e+03  4.641230758057232e+03  4.709806303077578e-34  6.070164973004243e+01  3.523698704972397e+00  3.322925976613536e+01 -2.897535603160608e-01
  -6.853154668934542e+01  1.400839922598413e+00 -1.991203530574109e+00  1.796170348177121e-01  1.475668212990022e-10 -8.648064794950176e-06  1.205124100351762e+01  1.400839922598413e+00  2.422392594138267e+00  1.128388890616129e-03  2.990300248399718e+03  4.614645259500365e+03  4.851213055941505e-34  5.933539976359223e+01  3.524798189855233e+00  3.333381117517576e+01 -2.377014482830693e-01
  -6.315109852863100e+01  1.409369954359675e+00 -2.021024732119610e+00  1.856057433670288e-01  1.574938325583545e-10 -8.816973365989606e-06  1.208313497438300e+01  1.409369954359675e+00  2.422733382409637e+00  1.126293907475456e-03  2.889064710631001e+03  4.634572675210128e+03  4.862005133083362e-34  6.068513386345944e+01  3.524938172763082e+00  3.328818155598710e+01 -2.688974428471281e-01
  -5.802708555242780e+01  1.403700637864933e+00 -2.021936320525854e+00  1.863599277918386e-01  1.563983632690312e-10 -8.829090980657485e-06  1.206478692616872e+01  1.403700637864933e+00  2.422302811845763e+00  1.126888987477119e-03  2.930149744498406e+03  4.634330249154249e+03  4.798781975695150e-34  6.048872182896093e+01  3.525265223093578e+00  3.325606495648700e+01 -2.698850683535455e-01
  -6.144557954018873e+01  1.400432283941690e+00 -1.999713362586477e+00  1.796239575263263e-01  1.689282904380894e-10 -9.252491394479312e-06  1.203289580989047e+01  1.400432283941690e+00  2.423589428638192e+00  1.133227882621051e-03  2.973701242398467e+03  4.619879768656394e+03  4.823078050057179e-34  5.942228428186161e+01  3.532496823342837e+00  3.340685787483515e+01 -2.463909876502735e-01
  -5.934948713400353e+01  1.400444041710257e+00 -2.041738235635451e+00  1.799850035647593e-01  1.632749914866675e-10 -9.051543677031087e-06  1.204505509690716e+01  1.400444041710257e+00  2.422715805591779e+00  1.129808906220639e-03  2.879790116662275e+03  4.642508773777196e+03  4.707117721537680e-34  6.071659400244413e+01  3.526350824387122e+00  3.325837121774666e+01 -2.918786298082363e-01
  -5.889209868778467e+01  1.406045655532155e+00 -2.018262692029984e+00  1.858261911314434e-01  1.582003922284721e-10 -8.970192771267157e-06  1.206482300545008e+01  1.406045655532155e+00  2.423025139939643e+00  1.128761437928650e-03  2.920337246444729e+03  4.632554205200446e+03  4.835545658800599e-34  6.039602879533274e+01  3.528447282159176e+00  3.331780810572198e+01 -2.659178673482971e-01
  -5.857289569382486e+01  1.405973534960287e+00 -2.018447355018341e+00  1.858463919864649e-01  1.581328775143361e-10 -8.965656890963924e-06  1.206413760366954e+01  1.405973534960287e+00  2.423052208899502e+00  1.128895926724109e-03  2.920479190277067e+03  4.632688346291970e+03  4.834216979182276e-34  6.039608433623930e+01  3.528668327309059e+00  3.331940242434364e+01 -2.661164747888486e-01
  -6.065651477135981e+01  1.402043105399748e+00 -2.036172271194888e+00  1.797223544179100e-01  1.642805560439880e-10 -9.155041248856869e-06  1.203975353095692e+01  1.402043105399747e+00  2.423593800413742e+00  1.132593808621677e-03  2.881249934158918e+03  4.640099427806680e+03  4.740642621605941e-34  6.053791880136808e+01  3.531172991403160e+00  3.333432723765321e+01 -2.855896918129724e-01
  -6.015709788951045e+01  1.408653974720399e+00 -2.018378179128777e+00  1.855297538813074e-01  1.586060997924061e-10 -8.868176757566216e-06  1.208131825976626e+01  1.408653974720399e+00  2.422643301948653e+00  1.126229648205718e-03  2.900271447510231e+03  4.632671622112723e+03  4.861996815816542e-34  6.056844013801012e+01  3.524629289698946e+00  3.328810562253669e+01 -2.660420652032375e-01
  -6.239879486882015e+01  1.404748972013182e+00 -2.044077326229194e+00  1.795724183584384e-01  1.604995919977558e-10 -8.923397761498898e-06  1.206471195989757e+01  1.404748972013182e+00  2.422632434654159e+00  1.127751610928777e-03  2.845464318301061e+03  4.644305581013398e+03  4.749515705992316e-34  6.101087265759251e+01  3.523555676469995e+00  3.324555431280073e+01 -2.945474433284008e-01
  -6.195447647143168e+01  1.400357419829682e+00 -2.034272298528512e+00  1.799032145983289e-01  1.701581076049247e-10 -9.283991995537257e-06  1.203783216443676e+01  1.400357419829682e+00  2.423209956186819e+00  1.131773840309666e-03  2.896960373825169e+03  4.638648614903548e+03  4.726759250638777e-34  6.044229807647494e+01  3.529639982525227e+00  3.331008615633787e+01 -2.834624665587939e-01
  -6.252601222308719e+01  1.404863305517156e+00 -2.023513927617151e+00  1.793757033435130e-01  1.609072014982465e-10 -8.985071440456427e-06  1.206094556196662e+01  1.404863305517155e+00  2.422938981787990e+00  1.128900339868138e-03  2.890530900544290e+03  4.633178401357434e+03  4.807619778506477e-34  6.039039722629686e+01  3.525722321003196e+00  3.330895498922526e+01 -2.715992821729629e-01
  -6.395731579241684e+01  1.413411305724593e+00 -2.014222085415456e+00  1.847491680773481e-01  1.534130710821242e-10 -8.802378457952207e-06  1.208969079584990e+01  1.413411305724593e+00  2.423505800994309e+00  1.127687033189453e-03  2.872679766937591e+03  4.631035679837369e+03  4.929516078967110e-34  6.056770419719833e+01  3.527518619343393e+00  3.336017152268569e+01 -2.615934109791563e-01
  -6.298191296143752e+01  1.402060175538167e+00 -2.037556004622746e+00  1.796805035369387e-01  1.759460743413154e-10 -9.513834494391645e-06  1.202852890541812e+01  1.402060175538167e+00  2.424409248557219e+00  1.135781293818088e-03  2.877914070113341e+03  4.641274884852422e+03  4.737013797084589e-34  6.048643173094239e+01  3.536333648852669e+00  3.339274650435325e+01 -2.871451458526982e-01
  -6.178411349071416e+01  1.408216230754962e+00 -2.021569622088471e+00  1.858461434394489e-01  1.718597669021732e-10 -9.405942746727257e-06  1.205883980377095e+01  1.408216230754962e+00  2.424125921226730e+00  1.132187549439340e-03  2.896825849647398e+03  4.635641414763055e+03  4.849639209660812e-34  6.049771128985306e+01  3.534525397571105e+00  3.339123957520191e+01 -2.694875285773007e-01
  -6.160439706754552e+01  1.400123058718106e+00 -1.986424920053824e+00  1.796342483071775e-01  1.568478953034010e-10 -8.867069737114929e-06  1.204234887310117e+01  1.400123058718106e+00  2.422811425737029e+00  1.130311640478712e-03  3.005811688708864e+03  4.612145230691480e+03  4.856277775089628e-34  5.912002685901299e+01  3.527905320326956e+00  3.337501549928156e+01 -2.328924905543126e-01
  -6.084638574230992e+01  1.400021048120307e+00 -2.040179426953323e+00  1.800469306569739e-01  1.592966846628360e-10 -8.846990196072931e-06  1.205020045821343e+01  1.400021048120306e+00  2.422213649058183e+00  1.128021446458472e-03  2.886211502033943e+03  4.641344784504565e+03  4.706623076818278e-34  6.070738241198845e+01  3.523406578118439e+00  3.322410348294937e+01 -2.901086549199249e-01
  -6.041530977475014e+01  1.401401644154926e+00 -2.038797601887569e+00  1.797886911523150e-01  1.714258746393522e-10 -9.370965213345954e-06  1.203253239153354e+01  1.401401644154926e+00  2.423916170970601e+00  1.134115042336448e-03  2.879679875691751e+03  4.641622951347745e+03  4.726109740186541e-34  6.054459097245635e+01  3.533521078111959e+00  3.335360482790058e+01 -2.885453168585221e-01
  -6.083875552454316e+01  1.402223207697688e+00 -2.024837426805838e+00  1.796288195235548e-01  1.671250415187425e-10 -9.182261490129413e-06  1.204360695594070e+01  1.402223207697689e+00  2.423371630243274e+00  1.131652365711514e-03  2.905374412482393e+03  4.633788105287292e+03  4.773999255990891e-34  6.024772631097444e+01  3.529825640225428e+00  3.333996061652396e+01 -2.730423193505787e-01
  -6.233084787101033e+01  1.403412445190789e+00 -2.025725229914221e+00  1.795652828462100e-01  1.609403716000904e-10 -8.929545406585787e-06  1.205975046563435e+01  1.403412445190789e+00  2.422576307295971e+00  1.128069779577268e-03  2.895477201979696e+03  4.634024425049602e+03  4.785044203438952e-34  6.042204052562219e+01  3.524142454162357e+00  3.327811249042791e+01 -2.740128472636943e-01
  -5.936290395739755e+01  1.400432014751262e+00 -2.041506292539155e+00  1.799842018513034e-01  1.634372393321672e-10 -9.054834288910145e-06  1.204496969629917e+01  1.400432014751262e+00  2.422718234273400e+00  1.129823234963984e-03  2.880388682366444e+03  4.642381094607750e+03  4.707621962155125e-34  6.070904814561167e+01  3.526375776310492e+00  3.325901455831631e+01 -2.916148342062053e-01
  -5.976306841951344e+01  1.401481179232495e+00 -2.040213714785784e+00  1.798461999893994e-01  1.654799261402749e-10 -9.132002729455361e-06  1.204483390973889e+01  1.401481179232494e+00  2.423053265652101e+00  1.130707906917263e-03  2.876121451871356e+03  4.641974340865069e+03  4.723100426495147e-34  6.068679514733807e+01  3.527974424219819e+00  3.328613998945796e+01 -2.901475143858417e-01
  -5.942341454791168e+01  1.400583239849986e+00 -2.039265471014665e+00  1.799420120193734e-01  1.617963162954736e-10 -9.040830774853296e-06  1.204366901271987e+01  1.400583239849986e+00  2.422858929046469e+00  1.130311371079598e-03  2.884343831480232e+03  4.641240950566294e+03  4.715528596582359e-34  6.063637909763865e+01  3.527221658048554e+00  3.327387714455935e+01 -2.890740490658946e-01
  -5.992647482567421e+01  1.400331243434808e+00 -2.038511884432806e+00  1.799877845593298e-01  1.576789448735526e-10 -8.895183616755556e-06  1.204837506889053e+01  1.400331243434808e+00  2.422441448370287e+00  1.128784270284297e-03  2.887798268260028e+03  4.640584649456743e+03  4.714750293535398e-34  6.064933422965283e+01  3.524714048871146e+00  3.324425739982718e+01 -2.882227304084067e-01
  -5.988609074686919e+01  1.400315811930235e+00 -2.039200922858047e+00  1.799897892767526e-01  1.577410584368133e-10 -8.907055723118419e-06  1.204719267567189e+01  1.400315811930235e+00  2.422521907494237e+00  1.129104219795516e-03  2.886351582950214e+03  4.641001529485456e+03  4.712671680679365e-34  6.065922726833752e+01  3.525222918737987e+00  3.324892353350789e+01 -2.890010679524217e-01
  -6.402502085910760e+01  1.401427538409444e+00 -2.024500835903612e+00  1.797697861086696e-01  1.632128287658777e-10 -9.016431392043345e-06  1.205310739169412e+01  1.401427538409444e+00  2.422440222291042e+00  1.128337898554263e-03  2.911677599024558e+03  4.633027856479861e+03  4.765898470370357e-34  6.030301579924270e+01  3.524325826593384e+00  3.327126427982516e+01 -2.726748989631609e-01
  -6.121566950000484e+01  1.401557701441698e+00 -2.041890924826479e+00  1.797952632144378e-01  1.730896360627545e-10 -9.397340018159355e-06  1.203253100025504e+01  1.401557701441697e+00  2.423964630875557e+00  1.134241728566187e-03  2.871716094770087e+03  4.643367402495179e+03  4.719335636356954e-34  6.063573097565963e+01  3.533705321688070e+00  3.335106019286393e+01 -2.920523703278990e-01
  -6.278034606213735e+01  1.401353929387597e+00 -2.044110671983399e+00  1.798197794485308e-01  1.727781376300940e-10 -9.402826068856181e-06  1.202840273469508e+01  1.401353929387597e+00  2.424199541430004e+00  1.135244901104441e-03  2.868106718558181e+03  4.644680865028262e+03  4.710890827010886e-34  6.066268169491106e+01  3.535276044714314e+00  3.336438617856904e+01 -2.945856018535736e-01
  -6.179926163192582e+01  1.403982251310243e+00 -2.018399917190207e+00  1.793973522942054e-01  1.649554007331297e-10 -9.133607652720675e-06  1.205068808095529e+01  1.403982251310243e+00  2.423405554140836e+00  1.131075741453943e-03  2.907841228971378e+03  4.630495307013360e+03  4.811747527233376e-34  6.014787709480015e+01  3.529214401231570e+00  3.335441802446280e+01 -2.660654466252242e-01
  -6.275019573714663e+01  1.412132605104170e+00 -2.012189560481275e+00  1.847584407435711e-01  1.581007941829570e-10 -9.049347434160374e-06  1.207707871033097e+01  1.412132605104171e+00  2.424019314409750e+00  1.130200244472479e-03  2.886689557429002e+03  4.629931919103404e+03  4.918134152486209e-34  6.038368992903968e+01  3.531421248237260e+00  3.340362114264479e+01 -2.594333274903070e-01
  -6.045869736125884e+01  1.400492812051862e+00 -2.023221782031364e+00  1.798546486870310e-01  1.609498345323983e-10 -8.921278712930017e-06  1.204876697351965e+01  1.400492812051862e+00  2.422463301232343e+00  1.128804352676723e-03  2.920862999700330e+03  4.632216363938907e+03  4.758822982236546e-34  6.021723066967773e+01  3.524976697671259e+00  3.327594673484731e+01 -2.712813579928253e-01
  -6.176668235218264e+01  1.403022713450085e+00 -2.045382341279667e+00  1.796619463627267e-01  1.737354985481304e-10 -9.452004540844824e-06  1.203568560229147e+01  1.403022713450084e+00  2.424190660040570e+00  1.134534755763622e-03  2.853985387179021e+03  4.645591139773953e+03  4.726318059725682e-34  6.078441716164518e+01  3.534335168208833e+00  3.336043501321070e+01 -2.960431805457640e-01
  -6.458696324324433e+01  1.408379784803642e+00 -2.032245201959523e+00  1.790418731178576e-01  1.647396136591276e-10 -9.151290750713911e-06  1.206633364672639e+01  1.408379784803643e+00  2.423636750336280e+00  1.130210661427582e-03  2.847124669513552e+03  4.638776776291627e+03  4.823410652433289e-34  6.073854980535748e+01  3.528220350667944e+00  3.334237645652507e+01 -2.812037038237329e-01
  -6.095212004459797e+01  1.401439056279653e+00 -2.039148617787442e+00  1.797745067980509e-01  1.724439167798101e-10 -9.416042175239374e-06  1.202977007819248e+01  1.401439056279653e+00  2.424127190048925e+00  1.134926776293611e-03  2.878609503870104e+03  4.641927569403935e+03  4.725564675127240e-34  6.053271679344192e+01  3.534839550811069e+00  3.336871999356917e+01 -2.889419379305211e-01
  -6.208475583899772e+01  1.401631052271922e+00 -2.039234929234164e+00  1.797390882192691e-01  1.747352697368675e-10 -9.495744180207422e-06  1.202693287818525e+01  1.401631052271922e+00  2.424391563291563e+00  1.135885760735970e-03  2.877075210937511e+03  4.642133708747308e+03  4.727505339138840e-34  6.051500715940315e+01  3.536421433172394e+00  3.338829776730677e+01 -2.890395156808261e-01
  -5.910844558323288e+01  1.400437337305581e+00 -2.037992914350502e+00  1.799523991923619e-01  1.596268385714531e-10 -8.960028618734778e-06  1.204430479016188e+01  1.400437337305581e+00  2.422767834023578e+00  1.130014655826755e-03  2.888186061384456e+03  4.640477844244272e+03  4.717388084220945e-34  6.060283907202893e+01  3.526737451418445e+00  3.326963373193527e+01 -2.876373706118929e-01
  -6.155841163943336e+01  1.401210208801400e+00 -2.021822665872649e+00  1.798060454470116e-01  1.542788088256797e-10 -8.721516645192370e-06  1.205915260300169e+01  1.401210208801400e+00  2.421937338045737e+00  1.126467136869434e-03  2.919230403007322e+03  4.631271821280021e+03  4.770830290364349e-34  6.027218433767327e+01  3.521283651131120e+00  3.323906047704813e+01 -2.697618180577735e-01
  -5.963882188772114e+01  1.401209689423960e+00 -2.037988295340512e+00  1.798486371449165e-01  1.626883188696369e-10 -9.060485755309128e-06  1.204207708887548e+01  1.401209689423960e+00  2.423167952908063e+00  1.131265464457947e-03  2.882905731382817e+03  4.640775409942293e+03  4.726166819545094e-34  6.059626774363297e+01  3.528875510833495e+00  3.329923180662756e+01 -2.876321640548894e-01
  -6.047863176282966e+01  1.407981862912504e+00 -2.020427647765635e+00  1.857559544877220e-01  1.551700657253519e-10 -8.858470613813136e-06  1.207523428476430e+01  1.407981862912504e+00  2.422873556204333e+00  1.127394650414441e-03  2.901014332394724e+03  4.634125449374400e+03  4.850344464867255e-34  6.058229460020499e+01  3.526550488258601e+00  3.330053420520887e+01 -2.682516995602789e-01
  -5.920431522804450e+01  1.404812253798110e+00 -2.021231460964785e+00  1.861607914237722e-01  1.570893867205437e-10 -8.894838605882581e-06  1.206081696120938e+01  1.404812253798110e+00  2.422932460998892e+00  1.128895426861406e-03  2.923177012808870e+03  4.634307839217151e+03  4.813345673723773e-34  6.044804983034130e+01  3.528647590650922e+00  3.330439578241914e+01 -2.691212298537350e-01
  -5.904438388410746e+01  1.404882335960633e+00 -2.021241343792267e+00  1.861520350536321e-01  1.571113660839802e-10 -8.897028094474519e-06  1.206119091228883e+01  1.404882335960633e+00  2.422927195622287e+00  1.128846739838189e-03  2.922626151207196e+03  4.634317812476078e+03  4.814113784867272e-34  6.045229328871679e+01  3.528575691072950e+00  3.330395616725729e+01 -2.691319308806231e-01
  -5.904438388410746e+01  1.404882335960633e+00 -2.021241343792267e+00  1.861520350536321e-01  1.571113660839802e-10 -8.897028094474519e-06  1.206119091228883e+01  1.404882335960633e+00  2.422927195622287e+00  1.128846739838189e-03  2.922626151207196e+03  4.634317812476078e+03  4.814113784867272e-34  6.045229328871679e+01  3.528575691072950e+00  3.330395616725729e+01 -2.691319308806231e-01
  -6.253710052305149e+01  1.405553915208653e+00 -2.042224037589708e+00  1.794528348398801e-01  1.630704333947109e-10 -9.024467383249250e-06  1.206314138630916e+01  1.405553915208653e+00  2.422994300439678e+00  1.128838626561752e-03  2.844094787803628e+03  4.643573973263536e+03  4.763771293373706e-34  6.095688381624176e+01  3.525462158211947e+00  3.327588798603095e+01 -2.924316376005705e-01
  -5.750691665849007e+01  1.405728961247968e+00 -2.015030015549004e+00  1.856823737106464e-01  1.649216093317492e-10 -9.215997997835710e-06  1.205250309884360e+01  1.405728961247968e+00  2.423814715984152e+00  1.131971371735076e-03  2.929759389332727e+03  4.630859089540038e+03  4.840881543096545e-34  6.018564909451538e+01  3.533558037745211e+00  3.338454567031873e+01 -2.624548616942106e-01
  -5.750691665849007e+01  1.405728961247968e+00 -2.015030015549004e+00  1.856823737106464e-01  1.649216093317492e-10 -9.215997997835710e-06  1.205250309884360e+01  1.405728961247968e+00  2.423814715984152e+00  1.131971371735076e-03  2.929759389332727e+03  4.630859089540038e+03  4.840881543096545e-34  6.018564909451538e+01  3.533558037745211e+00  3.338454567031873e+01 -2.624548616942106e-01
  -5.735846799925477e+01  1.405816705567193e+00 -2.014234289499315e+00  1.856208150461882e-01  1.646250279520764e-10 -9.204840285990691e-06  1.205216557519719e+01  1.405816705567193e+00  2.423866148094953e+00  1.132137140304688e-03  2.930788724019035e+03  4.630371092908265e+03  4.844075610409824e-34  6.015742134721161e+01  3.533808747993862e+00  3.339025889693598e+01 -2.616064115564245e-01
  -5.735846799925477e+01  1.405816705567193e+00 -2.014234289499315e+00  1.856208150461882e-01  1.646250279520764e-10 -9.204840285990691e-06  1.205216557519719e+01  1.405816705567193e+00  2.423866148094953e+00  1.132137140304688e-03  2.930788724019035e+03  4.630371092908265e+03  4.844075610409824e-34  6.015742134721161e+01  3.533808747993862e+00  3.339025889693598e+01 -2.616064115564245e-01
  -6.069344838373816e+01  1.407112299749280e+00 -2.022729310811409e+00  1.860231760969005e-01  1.677879789042125e-10 -9.214781098044092e-06  1.206033906799401e+01  1.407112299749280e+00  2.423677350786027e+00  1.130878147759233e-03  2.902666587707791e+03  4.635968732765496e+03  4.835312723934109e-34  6.053027860516148e+01  3.532261008652556e+00  3.335559093531232e+01 -2.707459276168395e-01
  -5.995774635306640e+01  1.407801818657621e+00 -2.019658855311977e+00  1.857864179092227e-01  1.700496631147563e-10 -9.322447279222288e-06  1.205849123400239e+01  1.407801818657621e+00  2.424023205126850e+00  1.131952524459863e-03  2.904144228656764e+03  4.634321859285678e+03  4.850607620339049e-34  6.042487522002810e+01  3.534017807632298e+00  3.338809543294693e+01 -2.674215846339256e-01
  -5.995774635306640e+01  1.407801818657621e+00 -2.019658855311977e+00  1.857864179092227e-01  1.700496631147563e-10 -9.322447279222288e-06  1.205849123400239e+01  1.407801818657621e+00  2.424023205126850e+00  1.131952524459863e-03  2.904144228656764e+03  4.634321859285678e+03  4.850607620339049e-34  6.042487522002810e+01  3.534017807632298e+00  3.338809543294693e+01 -2.674215846339256e-01
  -6.431232759883967e+01  1.409842003168882e+00 -2.029562952022397e+00  1.860498039536597e-01  1.545898414506376e-10 -8.768014975099506e-06  1.208502135166695e+01  1.409842003168882e+00  2.422743228410182e+00  1.126143632607250e-03  2.866883960397036e+03  4.639999349748792e+03  4.844562980904140e-34  6.098936554042327e+01  3.524990474238177e+00  3.326946414829471e+01 -2.782318503228493e-01
  -6.197638642071983e+01  1.402029563924202e+00 -2.013519683893027e+00  1.796224487487967e-01  1.610124229188059e-10 -8.953826252260583e-06  1.205400184862274e+01  1.402029563924202e+00  2.422562291243565e+00  1.128571338856976e-03  2.932146611834416e+03  4.627136434502235e+03  4.803066736671181e-34  6.000619930914056e+01  3.524937483395763e+00  3.330179753396931e+01 -2.608457840029797e-01
  -5.961522729292709e+01  1.400710228702865e+00 -2.033203239614134e+00  1.798678339460371e-01  1.641391432917899e-10 -9.116395863344213e-06  1.204132480096459e+01  1.400710228702865e+00  2.423067385033640e+00  1.131074192090558e-03  2.896983209180223e+03  4.638034725954425e+03  4.733716807166429e-34  6.044547144629563e+01  3.528565045557546e+00  3.330135650253114e+01 -2.822698489794717e-01
  -6.074887217670816e+01  1.400278760313884e+00 -2.042310384779522e+00  1.799334376762352e-01  1.689220079675657e-10 -9.294372134464414e-06  1.202812056805337e+01  1.400278760313884e+00  2.423886583128016e+00  1.134453735847263e-03  2.879444661350612e+03  4.643394556207004e+03  4.703661262151797e-34  6.059224033634751e+01  3.533869728274297e+00  3.334496966163322e+01 -2.925299997454218e-01
  -6.093046032504064e+01  1.400399167819054e+00 -2.035369842284823e+00  1.799119858925512e-01  1.681636870171939e-10 -9.229707098283655e-06  1.203896725555089e+01  1.400399167819054e+00  2.423141004785324e+00  1.131487474754358e-03  2.894238942216809e+03  4.639221450283864e+03  4.724201112060389e-34  6.048358354532184e+01  3.529164467611568e+00  3.330274180595783e+01 -2.846900855749415e-01
  -5.905335101773696e+01  1.400592171349480e+00 -2.041258748060033e+00  1.799692546341677e-01  1.619088589867458e-10 -9.002900505226438e-06  1.204639892096063e+01  1.400592171349480e+00  2.422664839955911e+00  1.129550307939755e-03  2.879866148144066e+03  4.642238608186294e+03  4.710123535668489e-34  6.071605222643333e+01  3.525956783496247e+00  3.325543613212396e+01 -2.913334616200343e-01
  -6.071858250914485e+01  1.401493670479983e+00 -2.036509389140010e+00  1.798297776407579e-01  1.583532921575602e-10 -8.905087310324147e-06  1.204813414080676e+01  1.401493670479983e+00  2.422819179528285e+00  1.129789058744086e-03  2.884341688669731e+03  4.639823489922419e+03  4.733475403816167e-34  6.060754911251439e+01  3.526533205709484e+00  3.327591354948488e+01 -2.859681615411920e-01
  -6.234926746684374e+01  1.400030573067724e+00 -2.025857879715721e+00  1.799349562571513e-01  1.612506483298541e-10 -8.885816573135185e-06  1.204973873112783e+01  1.400030573067724e+00  2.422249886069795e+00  1.128158798763210e-03  2.918135692549225e+03  4.633495605568055e+03  4.746294478306473e-34  6.029338141529940e+01  3.523826467933624e+00  3.325500716717723e+01 -2.741580329865952e-01
  -6.015257563333553e+01  1.400538773371691e+00 -2.025999869073723e+00  1.798694360132795e-01  1.605318633562602e-10 -8.915563190085500e-06  1.204880161316265e+01  1.400538773371691e+00  2.422475056509099e+00  1.128831661691929e-03  2.914337500460831e+03  4.633754474134920e+03  4.751670160363834e-34  6.029751749176156e+01  3.524989383244530e+00  3.327132409338092e+01 -2.743134916073625e-01
  -6.466584657017233e+01  1.400028540777991e+00 -1.986968088466600e+00  1.796753163345205e-01  1.516285731593423e-10 -8.748114754566423e-06  1.204726963094602e+01  1.400028540777992e+00  2.422427255598643e+00  1.128850954175578e-03  3.005318785696351e+03  4.612232791635956e+03  4.853704519976318e-34  5.917307708955277e+01  3.525507006243547e+00  3.334518900862744e+01 -2.334366006640030e-01
  -6.590441399265123e+01  1.412756503906759e+00 -2.028218435085995e+00  1.856828772069496e-01  1.510495722515761e-10 -8.691399117017114e-06  1.210057828892886e+01  1.412756503906758e+00  2.422522690909264e+00  1.124124839272996e-03  2.849425949158460e+03  4.639430791978885e+03  4.886453031200673e-34  6.111602879968033e+01  3.522059087036737e+00  3.325461146458386e+01 -2.767493522068716e-01
  -6.107962193292143e+01  1.401578977628552e+00 -2.035874851395462e+00  1.798362600599715e-01  1.618534460279091e-10 -8.978569774892357e-06  1.205296375072332e+01  1.401578977628552e+00  2.422497501245673e+00  1.128500173197639e-03  2.885233333377522e+03  4.639323913713762e+03  4.736196527002117e-34  6.063002784877757e+01  3.524456117486527e+00  3.325306573492560e+01 -2.852560480679440e-01
  -5.872231252671819e+01  1.405617850633337e+00 -2.015956244136074e+00  1.856792172630483e-01  1.614791788660454e-10 -8.987082920420844e-06  1.206851452248809e+01  1.405617850633337e+00  2.422627256326003e+00  1.127382835070427e-03  2.928453898093136e+03  4.630693002192191e+03  4.837061761565373e-34  6.033728525647442e+01  3.526006278345272e+00  3.329398648044533e+01 -2.634444301960912e-01
  -5.872231252671819e+01  1.405617850633337e+00 -2.015956244136074e+00  1.856792172630483e-01  1.614791788660454e-10 -8.987082920420844e-06  1.206851452248809e+01  1.405617850633337e+00  2.422627256326003e+00  1.127382835070427e-03  2.928453898093136e+03  4.630693002192191e+03  4.837061761565373e-34  6.033728525647442e+01  3.526006278345272e+00  3.329398648044533e+01 -2.634444301960912e-01
  -5.806464534548087e+01  1.405725341064729e+00 -2.014048684218650e+00  1.855298758289125e-01  1.629890113191039e-10 -9.014373686733425e-06  1.206293272169711e+01  1.405725341064729e+00  2.423062289877571e+00  1.129034891445427e-03  2.931620043625701e+03  4.629685142244592e+03  4.843551384348990e-34  6.022991029551793e+01  3.528645371173802e+00  3.333098123898428e+01 -2.614087323986258e-01
  -5.806464534548087e+01  1.405725341064729e+00 -2.014048684218650e+00  1.855298758289125e-01  1.629890113191039e-10 -9.014373686733425e-06  1.206293272169711e+01  1.405725341064729e+00  2.423062289877571e+00  1.129034891445427e-03  2.931620043625701e+03  4.629685142244592e+03  4.843551384348990e-34  6.022991029551793e+01  3.528645371173802e+00  3.333098123898428e+01 -2.614087323986258e-01
  -5.780312658386583e+01  1.406077975754159e+00 -2.013287662168514e+00  1.854246679821792e-01  1.637116235320556e-10 -9.034715632790405e-06  1.206729472393451e+01  1.406077975754159e+00  2.422857193316923e+00  1.128093904984389e-03  2.930493428230487e+03  4.629074093515095e+03  4.849656011634168e-34  6.024230208197216e+01  3.527098591153146e+00  3.331744309615065e+01 -2.605990889787169e-01
  -6.069293256556310e+01  1.401504885008055e+00 -2.020270400354350e+00  1.796800395861171e-01  1.665876418023106e-10 -9.162927253394039e-06  1.204273772072863e+01  1.401504885008055e+00  2.423211787202949e+00  1.131317586913689e-03  2.920474237444049e+03  4.631107485359320e+03  4.778462916758632e-34  6.009956441461658e+01  3.529245675145134e+00  3.333733615264603e+01 -2.680817877404045e-01
  -5.927579412665020e+01  1.400514879034773e+00 -2.042106110259292e+00  1.799619040128104e-01  1.620676039290759e-10 -9.029455681119692e-06  1.204115549951847e+01  1.400514879034773e+00  2.423019024525711e+00  1.130964150653736e-03  2.878441655249429e+03  4.642873100857126e+03  4.706905450670622e-34  6.069638594292089e+01  3.528234132237902e+00  3.328029406926883e+01 -2.922973350328684e-01
  -5.933855997191874e+01  1.400271427221351e+00 -2.044095029520084e+00  1.800086746261101e-01  1.598655575545052e-10 -8.981897765398290e-06  1.204141272981184e+01  1.400271427221351e+00  2.422924969343339e+00  1.130695089621480e-03  2.875665926532298e+03  4.643886954022683e+03  4.698647949837328e-34  6.075193685792240e+01  3.527735897097589e+00  3.326945504673159e+01 -2.945677013290893e-01
  -6.160330268158208e+01  1.402938866937798e+00 -2.044810008078904e+00  1.796680353192145e-01  1.733193097468906e-10 -9.438025751331768e-06  1.203587344036726e+01  1.402938866937798e+00  2.424151149491308e+00  1.134413840042503e-03  2.855834641926467e+03  4.645245307505008e+03  4.726947497168296e-34  6.076817665461307e+01  3.534134844943047e+00  3.335864182261606e+01 -2.953866037602609e-01
  -6.609663051882231e+01  1.401626623983842e+00 -2.035754178211299e+00  1.798963580698077e-01  1.558853779851536e-10 -8.667936635882544e-06  1.206748314488725e+01  1.401626623983842e+00  2.421466563790944e+00  1.124469919369933e-03  2.885351367919435e+03  4.638739493477442e+03  4.737070659341375e-34  6.074561169701247e+01  3.517893693204266e+00  3.317631221118590e+01 -2.851207465952906e-01
  -5.979921675325095e+01  1.405957938876567e+00 -2.020009887734604e+00  1.859361777386305e-01  1.566428304171905e-10 -8.906422993784944e-06  1.206812728808200e+01  1.405957938876567e+00  2.422760191142660e+00  1.127764158523072e-03  2.917186046413125e+03  4.633542541707992e+03  4.829723469090311e-34  6.048044461802321e+01  3.526868457367459e+00  3.329393683108608e+01 -2.678004316485929e-01
  -5.991025518751080e+01  1.406234926608337e+00 -2.020042441726906e+00  1.859179024760341e-01  1.585623253227512e-10 -8.964959829884204e-06  1.206791735611562e+01  1.406234926608337e+00  2.422860852791130e+00  1.128045207254233e-03  2.915050137680899e+03  4.633660797107248e+03  4.832777270048960e-34  6.048456032956199e+01  3.527372362480677e+00  3.330122971356948e+01 -2.678355808829903e-01
  -5.817461361278144e+01  1.402605990124839e+00 -2.020920338669503e+00  1.864364516011192e-01  1.563974521488036e-10 -8.825911093237895e-06  1.206306282869759e+01  1.402605990124840e+00  2.422088136966781e+00  1.126493075354026e-03  2.940662418976000e+03  4.633464420343216e+03  4.789164688834872e-34  6.042616496306194e+01  3.524458380606230e+00  3.324273581121478e+01 -2.687844766710429e-01
  -6.156073043199940e+01  1.402207541495662e+00 -2.037785107186024e+00  1.797496148745956e-01  1.633084729780658e-10 -9.033892139414987e-06  1.204728621818672e+01  1.402207541495662e+00  2.423101469002300e+00  1.130603224807132e-03  2.876618464456782e+03  4.640757453111001e+03  4.738053462308822e-34  6.064811656886119e+01  3.527936258062883e+00  3.329419900255884e+01 -2.874031882850471e-01
  -6.029690526887148e+01  1.400657503851426e+00 -2.034489262697831e+00  1.798815873635012e-01  1.640853302408054e-10 -9.131850525536062e-06  1.204071465489043e+01  1.400657503851426e+00  2.423095050618918e+00  1.131203565711486e-03  2.894464213067817e+03  4.638747699594664e+03  4.729565754477689e-34  6.047651305256545e+01  3.528750030952030e+00  3.330091848136468e+01 -2.837048845908087e-01
  -6.309556882781256e+01  1.402187517375934e+00 -2.003896931564519e+00  1.795613665359178e-01  1.566241624901220e-10 -8.825643714519686e-06  1.205843476742642e+01  1.402187517375934e+00  2.422291847185494e+00  1.127454146332103e-03  2.952690527391747e+03  4.621736583516937e+03  4.831442331070525e-34  5.977107721260449e+01  3.523271556970812e+00  3.330050273251459e+01 -2.507235042056951e-01
  -6.167314296125794e+01  1.402871258325298e+00 -2.044787952377220e+00  1.796713578404455e-01  1.735407065782351e-10 -9.446145101039291e-06  1.203483793648049e+01  1.402871258325298e+00  2.424204952116934e+00  1.134652005298057e-03  2.856332599875912e+03  4.645251813247770e+03  4.726241087692531e-34  6.075804030366901e+01  3.534512699390295e+00  3.336275135554861e+01 -2.953613203768326e-01
  -5.993152622817095e+01  1.402241163636477e+00 -2.044401164830851e+00  1.798061307678756e-01  1.645586732299286e-10 -9.095780936609853e-06  1.204870733513367e+01  1.402241163636477e+00  2.423009428307143e+00  1.130230315964986e-03  2.861645891509939e+03  4.644350659801394e+03  4.720158194652243e-34  6.085058287430512e+01  3.527243041844359e+00  3.327426449312388e+01 -2.949181554751757e-01
  -6.083774240621375e+01  1.400648616450697e+00 -2.033696739285130e+00  1.798870437640709e-01  1.631641671606449e-10 -9.093744381544632e-06  1.204303048938135e+01  1.400648616450697e+00  2.422925252126164e+00  1.130543937672118e-03  2.896321889858885e+03  4.638225675352895e+03  4.731654232160263e-34  6.047253677284993e+01  3.527687182046481e+00  3.328977437874281e+01 -2.828200018098684e-01
  -6.051655498534900e+01  1.400076390448586e+00 -2.044192539506950e+00  1.800022712664394e-01  1.720075512915973e-10 -9.327666272623504e-06  1.203454996609727e+01  1.400076390448586e+00  2.423359650560903e+00  1.132472788473638e-03  2.876698857438964e+03  4.644135683784365e+03  4.696164966847773e-34  6.069567226481995e+01  3.530598078865312e+00  3.330187897411540e+01 -2.946792987072880e-01
  -6.249454616285131e+01  1.400257799570624e+00 -2.020300382936383e+00  1.797609474916683e-01  1.664105675208296e-10 -9.233743123373258e-06  1.202747584116312e+01  1.400257799570624e+00  2.423926641168088e+00  1.134619196774973e-03  2.928724258601451e+03  4.631328278978179e+03  4.764226027345000e-34  5.995840323591877e+01  3.534444611140590e+00  3.339145901744010e+01 -2.681141802319301e-01
  -6.029644796303940e+01  1.401413913649151e+00 -2.033944826275915e+00  1.797762158393608e-01  1.637060200765760e-10 -9.127069499164078e-06  1.203872348614315e+01  1.401413913649151e+00  2.423473173436768e+00  1.132376148890587e-03  2.890498596588884e+03  4.638735367058364e+03  4.739654795452006e-34  6.045616303668336e+01  3.530765359174773e+00  3.332996918878482e+01 -2.830968175203670e-01
  -6.187357195877063e+01  1.400286936115930e+00 -2.041669967753964e+00  1.799056922788259e-01  1.719684786379453e-10 -9.407319724321750e-06  1.202336433994672e+01  1.400286936115930e+00  2.424232649165989e+00  1.135807208972053e-03  2.880762461585521e+03  4.643219313333336e+03  4.705523208171847e-34  6.053521476184138e+01  3.536076995279544e+00  3.337218081642759e+01 -2.918009710444542e-01
  -6.016036350132370e+01  1.401359724752102e+00 -2.035842951569161e+00  1.798468571478662e-01  1.625341369285346e-10 -9.016405032470743e-06  1.204948451204382e+01  1.401359724752102e+00  2.422680323303124e+00  1.129301317353707e-03  2.886758323891966e+03  4.639370654385169e+03  4.733796192978524e-34  6.059740863220909e+01  3.525730996213322e+00  3.326689942375448e+01 -2.852202773996477e-01
  -6.617497702350151e+01  1.400127878649152e+00 -1.990227297911812e+00  1.796915483024113e-01  1.502421277203383e-10 -8.711723334474860e-06  1.204937393293330e+01  1.400127878649152e+00  2.422306365937450e+00  1.128339684786700e-03  2.997343296066764e+03  4.613972011056781e+03  4.845828405300533e-34  5.928272615361274e+01  3.524639279104121e+00  3.332962486091350e+01 -2.367149497848702e-01
  -6.082274440747023e+01  1.400209055451012e+00 -2.035101080356692e+00  1.799065529433363e-01  1.709832254573739e-10 -9.338287931447507e-06  1.203317531082281e+01  1.400209055451012e+00  2.423500021298735e+00  1.132968294602161e-03  2.896066418759389e+03  4.639231006748716e+03  4.722785846377063e-34  6.042585638093670e+01  3.531549257676817e+00  3.333024910605871e+01 -2.843891683691219e-01
  -6.712236421504083e+01  1.414042257932666e+00 -2.025765054750596e+00  1.858414031828744e-01  1.703127253224246e-10 -9.308672365999728e-06  1.208220520927549e+01  1.414042257932666e+00  2.424237600159552e+00  1.130288663356882e-03  2.848152086688221e+03  4.639539256037973e+03  4.910948003576855e-34  6.093606789947140e+01  3.532612966146210e+00  3.338579410773684e+01 -2.740564308957297e-01
  -6.327583730545426e+01  1.402751404640610e+00 -2.039710964987115e+00  1.796434376309287e-01  1.707316851286233e-10 -9.417912992349530e-06  1.203488384350355e+01  1.402751404640609e+00  2.424164533539203e+00  1.134542083586783e-03  2.868470568084592e+03  4.642423788433027e+03  4.738905968103803e-34  6.061058983461372e+01  3.534386479318536e+00  3.336980582093707e+01 -2.895780611677633e-01
  -6.092433020704812e+01  1.400808949293691e+00 -2.030431418802131e+00  1.798385765851582e-01  1.652006668080351e-10 -9.078551899497708e-06  1.204221254703886e+01  1.400808949293691e+00  2.423033958257696e+00  1.130903763102970e-03  2.902511042506784e+03  4.636507315455199e+03  4.742494416809780e-34  6.037484375891302e+01  3.528338743428191e+00  3.330427784278126e+01 -2.791919871565021e-01
  -5.957502732552987e+01  1.401053488069954e+00 -2.032081547499239e+00  1.798432149338809e-01  1.614203148242454e-10 -8.979505752768498e-06  1.204694453742208e+01  1.401053488069953e+00  2.422768521086431e+00  1.129768832383075e-03  2.897214971822951e+03  4.637310331191359e+03  4.740711378832000e-34  6.046424096068355e+01  3.526502411196275e+00  3.328104684890415e+01 -2.810218288826776e-01
  -6.140713669693979e+01  1.404047147373534e+00 -2.030705520983810e+00  1.794735292716143e-01  1.648083372834856e-10 -9.147305774218734e-06  1.204825352363545e+01  1.404047147373534e+00  2.423601123649362e+00  1.131813853313727e-03  2.879887139957319e+03  4.637355960796575e+03  4.778489829734129e-34  6.048085644339873e+01  3.530252886148494e+00  3.334474836654856e+01 -2.794954380778644e-01
  -6.622253650939518e+01  1.402597253896826e+00 -1.984126889983292e+00  1.794606961313794e-01  1.475670757487815e-10 -8.502204203310032e-06  1.207065198431314e+01  1.402597253896826e+00  2.421539154066208e+00  1.124362634903680e-03  2.994491681588377e+03  4.610551291565847e+03  4.890707493201672e-34  5.931671514834119e+01  3.518566914309158e+00  3.328313776193622e+01 -2.305975187590711e-01
  -6.070611477915824e+01  1.400610942330578e+00 -2.015740552426555e+00  1.797380177599804e-01  1.676283633385620e-10 -9.197853446078916e-06  1.203859689959103e+01  1.400610942330578e+00  2.423233396639148e+00  1.131763029665208e-03  2.936657868564482e+03  4.628516636165821e+03  4.780830635242651e-34  5.992389869267633e+01  3.529912245418769e+00  3.334832455771118e+01 -2.632137988204218e-01
  -6.062591274094883e+01  1.400784477530066e+00 -2.010270684056338e+00  1.796871022378807e-01  1.619906132358707e-10 -9.028356497608851e-06  1.204031746541797e+01  1.400784477530066e+00  2.423163071684281e+00  1.131418075858962e-03  2.947741214128844e+03  4.625499825790682e+03  4.797910729753717e-34  5.978519333770589e+01  3.529450513346597e+00  3.335379649714246e+01 -2.574032589743137e-01
  -6.007926106383871e+01  1.400438492612284e+00 -2.036922162478623e+00  1.798914452899135e-01  1.660938325341832e-10 -9.195165313580085e-06  1.203278558671495e+01  1.400438492612283e+00  2.423599310478137e+00  1.133264049002248e-03  2.890432918430402e+03  4.640309921859724e+03  4.720359150298486e-34  6.047827296979608e+01  3.532034733593342e+00  3.333399409084532e+01 -2.864319912433863e-01
  -6.164303674195571e+01  1.403352945650294e+00 -2.031107837803076e+00  1.795727323788185e-01  1.663539834133650e-10 -9.150471627182243e-06  1.205075723798628e+01  1.403352945650294e+00  2.423205862405684e+00  1.130549296172111e-03  2.883753279289235e+03  4.637289184655683e+03  4.769499438204461e-34  6.050222462138301e+01  3.528096309621020e+00  3.331465422177256e+01 -2.799411944317753e-01
  -6.195339074541417e+01  1.405035113858977e+00 -2.037769269912665e+00  1.794162786416953e-01  1.670506059842695e-10 -9.244530278405870e-06  1.204934321476745e+01  1.405035113858977e+00  2.423828055161724e+00  1.132303003639361e-03  2.857404948710486e+03  4.641479483981185e+03  4.770189349161300e-34  6.070770385379923e+01  3.531087977445823e+00  3.334735363179582e+01 -2.873853458134287e-01
  -6.355106127988724e+01  1.401683997237792e+00 -2.042891160746610e+00  1.797737866142038e-01  1.762424002586680e-10 -9.487508765520729e-06  1.202930455481591e+01  1.401683997237792e+00  2.424236701581802e+00  1.135256926818906e-03  2.868587576414386e+03  4.644071686984626e+03  4.718005904211709e-34  6.064006928871091e+01  3.535357520440638e+00  3.336942947798804e+01 -2.931921365494873e-01
  -6.283036180341978e+01  1.403389049647377e+00 -2.014380011540609e+00  1.793826834655532e-01  1.680232831096363e-10 -9.285690199400024e-06  1.203844427047886e+01  1.403389049647377e+00  2.424104977480471e+00  1.134051011026305e-03  2.920718614305116e+03  4.628567610345556e+03  4.816119853765008e-34  5.992564079921519e+01  3.534027541562954e+00  3.341513414594644e+01 -2.617616723747410e-01
  -6.156737128923069e+01  1.400431307854959e+00 -1.999698990517254e+00  1.797103694532017e-01  1.577446917609059e-10 -8.814438786032491e-06  1.205017966818184e+01  1.400431307854959e+00  2.422342393880151e+00  1.128357840109511e-03  2.973996110460715e+03  4.619236567808045e+03  4.823106674615507e-34  5.956040457123577e+01  3.524572574649636e+00  3.331338999093945e+01 -2.463761736403952e-01
  -6.038927889041715e+01  1.400157369812775e+00 -2.042340027516460e+00  1.799463839433021e-01  1.692202159570930e-10 -9.305050818805285e-06  1.202768315229877e+01  1.400157369812775e+00  2.423880520165012e+00  1.134479155004564e-03  2.880200678742402e+03  4.643392256744426e+03  4.702201626630767e-34  6.058766966449632e+01  3.533894125011340e+00  3.334451240912077e+01 -2.925637720359431e-01
  -6.089321957158386e+01  1.400886331645910e+00 -2.043759375449862e+00  1.799854212618584e-01  1.535952216339055e-10 -8.743283390505131e-06  1.205343198847129e+01  1.400886331645910e+00  2.422249081716493e+00  1.127811034066718e-03  2.872362215033166e+03  4.643439600206097e+03  4.706554183796023e-34  6.084999118624874e+01  3.523130544812045e+00  3.321931851260808e+01 -2.941837620025916e-01
  -5.977249603772380e+01  1.400158065984772e+00 -2.028060385740630e+00  1.798629920303245e-01  1.639342254165569e-10 -9.130188185075435e-06  1.203421013227991e+01  1.400158065984773e+00  2.423409512755661e+00  1.132634800891096e-03  2.912149489165866e+03  4.635312462206455e+03  4.741657060144968e-34  6.023231890184825e+01  3.531098347766623e+00  3.333738593590549e+01 -2.765753961027265e-01
  -6.224278851480821e+01  1.401755302009868e+00 -2.041943083934127e+00  1.797745006396947e-01  1.736489775998763e-10 -9.399092177276109e-06  1.203312708867367e+01  1.401755302009868e+00  2.423982827570367e+00  1.134233064045593e-03  2.870260133290288e+03  4.643430669318285e+03  4.721434256588327e-34  6.064511794735922e+01  3.533717530393647e+00  3.335223039814553e+01 -2.921117356888400e-01
  -6.268151705900765e+01  1.403690518199543e+00 -2.020620529487803e+00  1.794644649547901e-01  1.656246116651744e-10 -9.098720935738853e-06  1.205370768944077e+01  1.403690518199542e+00  2.423097682882028e+00  1.129991058061632e-03  2.904909620015545e+03  4.631521079551047e+03  4.802301995139057e-34  6.023126786839403e+01  3.527378702276423e+00  3.332709026927191e+01 -2.684602011551282e-01
  -6.046973000585837e+01  1.401632011091210e+00 -2.041230071138850e+00  1.798342516179825e-01  1.645421502934975e-10 -9.140556306138500e-06  1.204439286666488e+01  1.401632011091210e+00  2.423131808805780e+00  1.130953828420795e-03  2.872820816831694e+03  4.642591707157964e+03  4.722004638911711e-34  6.071470861294092e+01  3.528380719949259e+00  3.328994675921541e+01 -2.913008769938583e-01
  -6.010835154290859e+01  1.400471940282405e+00 -2.042036688432204e+00  1.799616850508490e-01  1.646785274631073e-10 -9.150802789552825e-06  1.204007729881175e+01  1.400471940282405e+00  2.423083488682665e+00  1.131233330861151e-03  2.878876741215080e+03  4.642862091197327e+03  4.706609886034227e-34  6.068492992097562e+01  3.528666992421782e+00  3.328527383472935e+01 -2.922182917288256e-01
  -5.964390392997940e+01  1.400760182827341e+00 -2.036282317853846e+00  1.799246423212812e-01  1.574825640382847e-10 -8.874039357731612e-06  1.204980179366670e+01  1.400760182827341e+00  2.422471608903322e+00  1.128729003920936e-03  2.889868607200633e+03  4.639429886136440e+03  4.725777813841461e-34  6.060348796795430e+01  3.524712513036825e+00  3.325070351115628e+01 -2.857132028558232e-01
  -6.007042763726891e+01  1.400682095585007e+00 -2.036005995221693e+00  1.799300409859723e-01  1.566539228698240e-10 -8.833979938673565e-06  1.204937038563918e+01  1.400682095585007e+00  2.422478495756626e+00  1.128787315896634e-03  2.891012920488225e+03  4.639271366920009e+03  4.725654887701502e-34  6.059084759705604e+01  3.524800523695681e+00  3.325179886618602e+01 -2.854031345980539e-01
  -6.230295624310563e+01  1.401969047548016e+00 -2.044960301706080e+00  1.797459505948178e-01  1.744942648010506e-10 -9.528791916648669e-06  1.202689428091387e+01  1.401969047548016e+00  2.424499065797551e+00  1.136170611746998e-03  2.862004229485120e+03  4.645379802990117e+03  4.715525138526638e-34  6.068423762802727e+01  3.536851810043976e+00  3.338489306894459e+01 -2.955589287577085e-01
  -6.123131101401673e+01  1.402755641696964e+00 -2.017690413160425e+00  1.795640380972298e-01  1.604917783719004e-10 -8.952382350287839e-06  1.205456609846963e+01  1.402755641696964e+00  2.422746485967538e+00  1.128997246044833e-03  2.917856982986531e+03  4.629615228082728e+03  4.799785865450308e-34  6.014045861922335e+01  3.525672988415645e+00  3.330700440367545e+01 -2.653029166356788e-01
  -6.566258162477723e+01  1.406544413982795e+00 -2.004039363808964e+00  1.789862165280772e-01  1.694266157331099e-10 -9.265219574959040e-06  1.205283387947421e+01  1.406544413982795e+00  2.424042735809754e+00  1.132534770043311e-03  2.921916756034278e+03  4.623268729923871e+03  4.878771908068757e-34  5.979514031942330e+01  3.532131492805985e+00  3.342948640617897e+01 -2.508717245651829e-01
  -6.049551236237130e+01  1.411697262172821e+00 -2.016078742054995e+00  1.850578823862793e-01  1.547630498118308e-10 -8.840982209335770e-06  1.208606336681496e+01  1.411697262172821e+00  2.423239465859566e+00  1.127333929462370e-03  2.881838607690093e+03  4.631816830633065e+03  4.902542260986404e-34  6.057295497423473e+01  3.526762215931403e+00  3.333690788678684e+01 -2.635754641569065e-01
  -6.310878100785835e+01  1.405941495775430e+00 -2.021189864731166e+00  1.792550766682038e-01  1.581131108340843e-10 -8.885134812318163e-06  1.206728112386430e+01  1.405941495775430e+00  2.422816015696545e+00  1.127988221123855e-03  2.888443130236082e+03  4.631977836248128e+03  4.826277156351808e-34  6.039157383969734e+01  3.524414730357667e+00  3.330384041278449e+01 -2.690761925901274e-01
  -5.970390945649782e+01  1.400768564001118e+00 -2.021636792035020e+00  1.797789624032206e-01  1.629249093745128e-10 -9.066781969904631e-06  1.204238871609849e+01  1.400768564001118e+00  2.423008730626634e+00  1.130821529085658e-03  2.922441269605397e+03  4.631660384839975e+03  4.766331225150699e-34  6.012459673919342e+01  3.528320235725236e+00  3.331976382268062e+01 -2.695603222399013e-01
  -6.018430668655334e+01  1.401369932588194e+00 -2.023062943853091e+00  1.797131305461369e-01  1.660235946932869e-10 -9.144568158362785e-06  1.204191669893432e+01  1.401369932588194e+00  2.423229185163574e+00  1.131440045417022e-03  2.915142931488486e+03  4.632631754484078e+03  4.769216839780720e-34  6.017047610663401e+01  3.529388102323774e+00  3.333318654029063e+01 -2.711085961053188e-01
  -6.038288031759770e+01  1.400029366162393e+00 -2.042570247350438e+00  1.800360176314200e-01  1.580701803685265e-10 -8.946985362754582e-06  1.204375395943239e+01  1.400029366162393e+00  2.422681022948116e+00  1.129840471692638e-03  2.880744267024274e+03  4.642895247492133e+03  4.700112839223686e-34  6.072355052105137e+01  3.526334706199928e+00  3.325432353338002e+01 -2.928261485031182e-01
  -5.948086228510250e+01  1.400490257767074e+00 -2.039368282766417e+00  1.799493379882687e-01  1.614372557462102e-10 -9.040427550798784e-06  1.204261387693376e+01  1.400490257767074e+00  2.422906195784273e+00  1.130533441078346e-03  2.884735841689049e+03  4.641309434372584e+03  4.714189258955330e-34  6.062930481921732e+01  3.527568879313939e+00  3.327725321661352e+01 -2.891903166850467e-01
  -6.020216700181045e+01  1.400237682553032e+00 -2.027094005929972e+00  1.798332353188453e-01  1.700598567396321e-10 -9.289546952338132e-06  1.203151036671248e+01  1.400237682553033e+00  2.423629089041682e+00  1.133461879862476e-03  2.913731695571748e+03  4.634903830411224e+03  4.745230311087686e-34  6.018408689714101e+01  3.532467091732767e+00  3.335571563920060e+01 -2.755131824175144e-01
  -6.126117296588447e+01  1.401824729499613e+00 -2.036266756267072e+00  1.797711736345702e-01  1.631710946517482e-10 -9.045908195718156e-06  1.204449840070047e+01  1.401824729499613e+00  2.423183907715287e+00  1.131079597617512e-03  2.882583660990090e+03  4.639916402136652e+03  4.737903102537705e-34  6.057597366282217e+01  3.528680385481967e+00  3.330353753904794e+01 -2.856957352707343e-01
  -6.319220399336172e+01  1.405693720535413e+00 -2.042545170079120e+00  1.793674513260304e-01  1.722686464889223e-10 -9.403885467874509e-06  1.204722050608440e+01  1.405693720535413e+00  2.424184612970078e+00  1.133432686007133e-03  2.842243970484955e+03  4.644373558125309e+03  4.764470914793703e-34  6.083814881321338e+01  3.532953075281360e+00  3.336434309316970e+01 -2.927975612190644e-01
  -6.116231385830866e+01  1.400966403002318e+00 -2.005382871916686e+00  1.796486830264952e-01  1.625828304412590e-10 -9.006601773202348e-06  1.204371527585015e+01  1.400966403002318e+00  2.422974387985148e+00  1.130607565879153e-03  2.957496369370125e+03  4.622744203090289e+03  4.813478120233521e-34  5.967685856099631e+01  3.528224585709660e+00  3.334924406319710e+01 -2.522721735939638e-01
  -6.013708917419211e+01  1.400440056993328e+00 -2.011856344201209e+00  1.797677878345561e-01  1.616137984234408e-10 -8.970946889963086e-06  1.204596010735897e+01  1.400440056993328e+00  2.422649310523707e+00  1.129551064486727e-03  2.946622364043921e+03  4.626063958492758e+03  4.789621266755559e-34  5.987047092609320e+01  3.526343541963332e+00  3.331233164409773e+01 -2.590801614404564e-01
  -6.031696925011659e+01  1.401468535277088e+00 -2.015161735602497e+00  1.796730136175212e-01  1.613424778949533e-10 -8.992351887931865e-06  1.204783890057170e+01  1.401468535277087e+00  2.422832675652915e+00  1.129851855672715e-03  2.932219728391573e+03  4.628104122030038e+03  4.792163051884886e-34  5.999480238532865e+01  3.526925079163000e+00  3.331905324923146e+01 -2.625954600124287e-01
  -5.883054691789033e+01  1.400088453255779e+00 -2.044477170316768e+00  1.800220027986763e-01  1.650786342598314e-10 -9.145538948923696e-06  1.203875779600866e+01  1.400088453255779e+00  2.423059746941750e+00  1.131295472548999e-03  2.876029757434605e+03  4.644141704816780e+03  4.695515583208239e-34  6.073842355424870e+01  3.528682075199394e+00  3.327886860732187e+01 -2.950052056223944e-01
  -6.054489992363726e+01  1.402547412578968e+00 -2.042877941473602e+00  1.797678233246886e-01  1.644440457949197e-10 -9.080683555687196e-06  1.205122320205768e+01  1.402547412578968e+00  2.422922918279179e+00  1.129769295328281e-03  2.862985512183589e+03  4.643508986875553e+03  4.727841939269087e-34  6.083197228665488e+01  3.526555493600449e+00  3.327065190477722e+01 -2.931770547746336e-01
  -5.968532338996511e+01  1.401343652008922e+00 -2.031129890894453e+00  1.797766728679452e-01  1.631950461601980e-10 -9.084810770460114e-06  1.204181315113155e+01  1.401343652008922e+00  2.423228509531808e+00  1.131448014498971e-03  2.897299036970664e+03  4.637058196192358e+03  4.746633609241950e-34  6.039969677631262e+01  3.529287054468576e+00  3.331722131819001e+01 -2.799656411544236e-01
  -6.099124661116977e+01  1.400674026415453e+00 -1.995790034129393e+00  1.796287905685908e-01  1.596447820659306e-10 -8.959861474500092e-06  1.204465897115026e+01  1.400674026415453e+00  2.422815686506778e+00  1.130105940216317e-03  2.981026245168707e+03  4.617364095344385e+03  4.836659958726919e-34  5.940955406679201e+01  3.527506950439089e+00  3.335647604139729e+01 -2.423645268765419e-01
  -6.005889684426590e+01  1.400097630719245e+00 -2.044693719318704e+00  1.800370146788565e-01  1.598070683717633e-10 -9.006975276924243e-06  1.204196558895625e+01  1.400097630719245e+00  2.422831184239029e+00  1.130399044256801e-03  2.875520668326991e+03  4.644146167031802e+03  4.695021527841906e-34  6.077101811847754e+01  3.527222600645331e+00  3.326134306428440e+01 -2.952533127074494e-01
  -5.719310283492035e+01  1.402634471624635e+00 -2.020719099434471e+00  1.864520304781093e-01  1.566552612003627e-10 -8.836075007380162e-06  1.205988804501248e+01  1.402634471624635e+00  2.422325582978067e+00  1.127405855356617e-03  2.940967325962504e+03  4.633515900625304e+03  4.790043869392350e-34  6.039692433805187e+01  3.525977539685291e+00  3.326073113046510e+01 -2.685667898712827e-01
  -5.941886433650401e+01  1.400326306196737e+00 -2.038183833446160e+00  1.799229058493644e-01  1.692190076227815e-10 -9.275484226897249e-06  1.203448410370158e+01  1.400326306196737e+00  2.423441919468903e+00  1.132693533407100e-03  2.888401851163964e+03  4.640908865908715e+03  4.715600498647990e-34  6.052654603992287e+01  3.531074914229374e+00  3.331976554295698e+01 -2.878526265762629e-01
  -6.013967873687851e+01  1.400363024230890e+00 -2.024081052009237e+00  1.798158841088379e-01  1.688908397205706e-10 -9.239701503370698e-06  1.203588242866645e+01  1.400363024230890e+00  2.423352388729431e+00  1.132328481425841e-03  2.919663161318698e+03  4.633124652614614e+03  4.754976193023444e-34  6.013548885845855e+01  3.530682871785629e+00  3.334087042605460e+01 -2.722170758155641e-01
  -5.926168299350618e+01  1.400568123058021e+00 -2.029710808749546e+00  1.798611287297766e-01  1.643526197083660e-10 -9.091396883289088e-06  1.204188377250748e+01  1.400568123058021e+00  2.422983002590211e+00  1.130801955190669e-03  2.905759653635584e+03  4.636054363448213e+03  4.741751794388163e-34  6.034790203775187e+01  3.528149995979874e+00  3.330199720654141e+01 -2.783951725458254e-01
  -5.936753434321771e+01  1.400581847462208e+00 -2.031988528172744e+00  1.798810277003907e-01  1.635139753317659e-10 -9.076739362878121e-06  1.204280040438493e+01  1.400581847462208e+00  2.422921143553125e+00  1.130554841916162e-03  2.900589460016847e+03  4.637276094631266e+03  4.735615359067508e-34  6.042072222478789e+01  3.527718823731405e+00  3.329286763496422e+01 -2.809184852675389e-01
  -6.004519832982805e+01  1.407580113591351e+00 -2.019294244055688e+00  1.857911344659086e-01  1.705051459944226e-10 -9.346858368080526e-06  1.205828487639772e+01  1.407580113591350e+00  2.423969670013919e+00  1.131832367338532e-03  2.906630233124667e+03  4.634032429561546e+03  4.849436701194374e-34  6.040759360452846e+01  3.533776987357280e+00  3.338502248676608e+01 -2.670284121145530e-01
  -6.060862744987329e+01  1.401932301830859e+00 -2.028526180349795e+00  1.796785991724650e-01  1.652034522500890e-10 -9.149130973036615e-06  1.204052919651498e+01  1.401932301830859e+00  2.423503519371276e+00  1.132285441830417e-03  2.899082651085378e+03  4.635842310804159e+03  4.760507370447683e-34  6.032371272908620e+01  3.530764150274691e+00  3.334269727140631e+01 -2.770882589153849e-01
  -6.137224770728748e+01  1.402309437193221e+00 -2.038994078165342e+00  1.797216332925853e-01  1.625430152688841e-10 -9.101506930950794e-06  1.204165150787664e+01  1.402309437193221e+00  2.423539375311842e+00  1.132273388224276e-03  2.873160719459385e+03  4.641656139115462e+03  4.735870165115633e-34  6.063843018766081e+01  3.530649294210537e+00  3.332456051863930e+01 -2.887672778416057e-01
  -6.546052344458634e+01  1.407994641376396e+00 -2.016634961431345e+00  1.789278307037598e-01  1.622544965913125e-10 -9.107962653611479e-06  1.205914791286592e+01  1.407994641376396e+00  2.424035385013495e+00  1.131922628756402e-03  2.883858752282388e+03  4.630356137156529e+03  4.860206859243951e-34  6.022643405914130e+01  3.531160797132153e+00  3.340332697404368e+01 -2.641709112473567e-01
  -6.009821823631563e+01  1.401917952661252e+00 -2.040067749566582e+00  1.798053509071705e-01  1.642520934413422e-10 -9.095378314518477e-06  1.204776303080842e+01  1.401917952661252e+00  2.422977391011597e+00  1.130235524512280e-03  2.873504384589236e+03  4.641911634374243e+03  4.728460908937482e-34  6.071318406430395e+01  3.527267213044868e+00  3.328054993587320e+01 -2.899821102350629e-01
  -6.311367936680752e+01  1.407224592821832e+00 -1.989918346271265e+00  1.838924802573634e-01  1.566980152577864e-10 -8.916746707522970e-06  1.206450056495065e+01  1.407224592821832e+00  2.423412347335931e+00  1.129798460158551e-03  2.971763134143253e+03  4.617043575230417e+03  4.921504855286185e-34  5.958934814843241e+01  3.530163331528888e+00  3.340349413469507e+01 -2.364031865019803e-01
  -6.125382146772936e+01  1.402470761908842e+00 -2.035643312891748e+00  1.797047531689426e-01  1.654091403954004e-10 -9.092624126685872e-06  1.204824233651918e+01  1.402470761908842e+00  2.423114054716621e+00  1.130546265359445e-03  2.879615061536996e+03  4.639621055000503e+03  4.746957648599546e-34  6.059842771312235e+01  3.527908984918180e+00  3.329924117072924e+01 -2.849964769851245e-01
  -5.985510960588617e+01  1.400683744129129e+00 -2.030493643977862e+00  1.798104908117358e-01  1.690697415578786e-10 -9.284891047604655e-06  1.203275341235035e+01  1.400683744129129e+00  2.423677682071270e+00  1.133471603963335e-03  2.903110925537205e+03  4.636852158102432e+03  4.740901476914475e-34  6.029792703989838e+01  3.532496109856486e+00  3.335243872789500e+01 -2.792608573750633e-01
  -6.202517579551774e+01  1.402661696001575e+00 -1.999566461208757e+00  1.794014109652880e-01  1.635693070341736e-10 -9.095810862988794e-06  1.204386221197267e+01  1.402661696001575e+00  2.423489008002055e+00  1.131934270735016e-03  2.958939807568999e+03  4.620030823754785e+03  4.848787053597745e-34  5.953864726117435e+01  3.530690953893940e+00  3.339858818996540e+01 -2.462395914170940e-01
  -6.487387734605751e+01  1.402231065638893e+00 -2.024251418579237e+00  1.871005357609347e-01  1.552235918866038e-10 -8.823487321400845e-06  1.205193017301291e+01  1.402231065638893e+00  2.422773998111758e+00  1.129315712326224e-03  2.937687269751133e+03  4.636454711145670e+03  4.775707289991443e-34  6.047074312499699e+01  3.529507715894280e+00  3.328453733983503e+01 -2.724028255315263e-01
  -5.893874768673165e+01  1.400395436085853e+00 -2.034336226766264e+00  1.799111225128971e-01  1.645972697266643e-10 -9.099923869944249e-06  1.204046824382816e+01  1.400395436085853e+00  2.423031560745819e+00  1.131061353171974e-03  2.896589765095839e+03  4.638598601770618e+03  4.727014122402305e-34  6.046616501383177e+01  3.528485947740342e+00  3.329658565894685e+01 -2.835338814759450e-01
  -6.275019573714664e+01  1.412132605104170e+00 -2.012189560481275e+00  1.847584407435711e-01  1.581007941829570e-10 -9.049347434160374e-06  1.207707871033097e+01  1.412132605104171e+00  2.424019314409750e+00  1.130200244472479e-03  2.886689557429002e+03  4.629931919103404e+03  4.918134152486209e-34  6.038368992903968e+01  3.531421248237260e+00  3.340362114264479e+01 -2.594333274903070e-01
  -5.981045500838667e+01  1.400239783317533e+00 -2.027753021681697e+00  1.798517731372269e-01  1.640045039994475e-10 -9.131915996498119e-06  1.203445095435874e+01  1.400239783317532e+00  2.423417477159406e+00  1.132632906516289e-03  2.912281598103524e+03  4.635158189986503e+03  4.743433622144816e-34  6.022673611675668e+01  3.531110583580319e+00  3.333855209697352e+01 -2.762372856414779e-01
  -5.905335101773696e+01  1.400592171349480e+00 -2.041258748060033e+00  1.799692546341677e-01  1.619088589867458e-10 -9.002900505226438e-06  1.204639892096063e+01  1.400592171349480e+00  2.422664839955911e+00  1.129550307939755e-03  2.879866148144066e+03  4.642238608186294e+03  4.710123535668489e-34  6.071605222643333e+01  3.525956783496247e+00  3.325543613212396e+01 -2.913334616200343e-01
  -6.248646149792090e+01  1.401454126486527e+00 -1.999285287112516e+00  1.795449578265805e-01  1.612327120329944e-10 -9.057706746182593e-06  1.204288918539492e+01  1.401454126486527e+00  2.423185133604786e+00  1.131233929794721e-03  2.967819434950422e+03  4.619568183243464e+03  4.835858229381553e-34  5.950520430752571e+01  3.529394960808432e+00  3.337689867239711e+01 -2.459499521516499e-01
  -6.228838114112078e+01  1.405323496288389e+00 -2.038431610516585e+00  1.794354010783806e-01  1.637353037050887e-10 -9.076212440671932e-06  1.206009922026463e+01  1.405323496288389e+00  2.423142173080470e+00  1.129507896598618e-03  2.854087521701283e+03  4.641533375032119e+03  4.771632690200048e-34  6.081900710829976e+01  3.526570697481964e+00  3.329453637314072e+01 -2.881321386502349e-01
  -6.006149681147334e+01  1.400418336415603e+00 -2.040511945931542e+00  1.799700553898731e-01  1.657879183036537e-10 -9.127776452958028e-06  1.204323846574904e+01  1.400418336415603e+00  2.422838844173723e+00  1.130299505508008e-03  2.882680906275292e+03  4.641894239325615e+03  4.710213600982044e-34  6.066613881657497e+01  3.527162631146060e+00  3.326999694301805e+01 -2.904856476210351e-01
  -6.148535245037249e+01  1.401807846955969e+00 -2.004633213236025e+00  1.795754980679010e-01  1.574208044784576e-10 -8.892739841210750e-06  1.205090351906536e+01  1.401807846955969e+00  2.422716895044962e+00  1.129263431651808e-03  2.953526666730579e+03  4.622308698438883e+03  4.825099201321872e-34  5.972580148462629e+01  3.526158560620422e+00  3.333104725793294e+01 -2.514902194036656e-01
  -6.088265800377193e+01  1.401312319224319e+00 -2.030709184306021e+00  1.798077580122646e-01  1.617366687807322e-10 -9.023204435434655e-06  1.204838306414741e+01  1.401312319224319e+00  2.422745033310234e+00  1.129572850800460e-03  2.898532280979298e+03  4.636577616934199e+03  4.747440193703548e-34  6.044055507899901e+01  3.526237092093429e+00  3.328187641301459e+01 -2.794994949950358e-01
  -6.279567501514433e+01  1.407821798867177e+00 -2.021181211629254e+00  1.858636468450736e-01  1.719176668667776e-10 -9.381897339801594e-06  1.206080194780293e+01  1.407821798867177e+00  2.423862940997019e+00  1.131318097030849e-03  2.900677039543140e+03  4.635190141586252e+03  4.846887599590306e-34  6.049372224792131e+01  3.533027747952063e+00  3.337265058285642e+01 -2.690668242170031e-01
  -5.960320544833842e+01  1.400303762810428e+00 -2.015463877469945e+00  1.797874245888054e-01  1.618726645769664e-10 -9.010370652498852e-06  1.204140746512804e+01  1.400303762810428e+00  2.422935377877426e+00  1.130722683158824e-03  2.939413930700926e+03  4.628172922675030e+03  4.778108550670207e-34  5.993412349533616e+01  3.528181999650085e+00  3.332668577740184e+01 -2.629181289385032e-01
  -6.114595699588477e+01  1.401416523443950e+00 -2.038062542337049e+00  1.798545072310037e-01  1.579664236065835e-10 -8.941070965931561e-06  1.204878771049274e+01  1.401416523443950e+00  2.422748155892597e+00  1.129543036637412e-03  2.881408599489579e+03  4.640630598862002e+03  4.728309218982968e-34  6.065629223765597e+01  3.526100749639980e+00  3.326757875567608e+01 -2.877158625557953e-01
  -5.989564620294343e+01  1.401697587725162e+00 -2.038952242028087e+00  1.798276976139281e-01  1.602499863687740e-10 -8.957080535185807e-06  1.204880760273841e+01  1.401697587725162e+00  2.422833814060537e+00  1.129763979067514e-03  2.877507538424476e+03  4.641198222740419e+03  4.729041421311391e-34  6.068629015190911e+01  3.526485714631347e+00  3.327210614597453e+01 -2.887200062091336e-01
  -6.327120699914268e+01  1.401151581707353e+00 -1.984892832928188e+00  1.794715337557062e-01  1.613431286841877e-10 -9.033521163470640e-06  1.203775382210583e+01  1.401151581707353e+00  2.423461833529251e+00  1.132437794365044e-03  3.002130418802834e+03  4.611772900961698e+03  4.872183609414200e-34  5.905539866316568e+01  3.531520948645075e+00  3.342638526422988e+01 -2.313611805355707e-01
  -6.258391770996411e+01  1.401167340553406e+00 -2.026539455820646e+00  1.797956085426108e-01  1.629336096858105e-10 -9.052541939235166e-06  1.204864096280158e+01  1.401167340553406e+00  2.422681507054971e+00  1.129383460322244e-03  2.908840867869705e+03  4.634236160808560e+03  4.757313608611696e-34  6.032113126400966e+01  3.525965509226460e+00  3.328541404809939e+01 -2.749047430804240e-01
  -6.476303958185694e+01  1.415348976212683e+00 -2.017509462360343e+00  1.847161899415724e-01  1.559076801828822e-10 -8.800220891945630e-06  1.210146467783610e+01  1.415348976212683e+00  2.423255287310489e+00  1.125940209872838e-03  2.855841517418285e+03  4.633202000818594e+03  4.949669775387006e-34  6.079946233070603e+01  3.525011949467868e+00  3.333313852415145e+01 -2.651086437613996e-01
  -6.047863176282968e+01  1.407981862912504e+00 -2.020427647765635e+00  1.857559544877220e-01  1.551700657253519e-10 -8.858470613813136e-06  1.207523428476430e+01  1.407981862912504e+00  2.422873556204333e+00  1.127394650414441e-03  2.901014332394724e+03  4.634125449374400e+03  4.850344464867255e-34  6.058229460020499e+01  3.526550488258601e+00  3.330053420520887e+01 -2.682516995602789e-01
  -5.951661599809827e+01  1.400725095813343e+00 -2.028339845019284e+00  1.798519516907759e-01  1.616818726441192e-10 -8.981979804313000e-06  1.204623465887692e+01  1.400725095813343e+00  2.422717899081385e+00  1.129703721485832e-03  2.907805324601482e+03  4.635186524236868e+03  4.747320679589532e-34  6.034638275131743e+01  3.526402359729907e+00  3.328479058569177e+01 -2.768830259915612e-01
  -5.995619821235293e+01  1.401586239332456e+00 -2.038432973489219e+00  1.798119446009371e-01  1.630639679374972e-10 -9.104068837699766e-06  1.204326102511791e+01  1.401586239332456e+00  2.423199253533997e+00  1.131235781090542e-03  2.879360618569219e+03  4.641083423465721e+03  4.729212129079873e-34  6.062441681176706e+01  3.528871900324440e+00  3.330052676864523e+01 -2.881336766608052e-01
  -6.119495626143087e+01  1.403215041323078e+00 -2.042884309441648e+00  1.797236070964588e-01  1.601645196072787e-10 -8.921449548470235e-06  1.205935097078830e+01  1.403215041323078e+00  2.422543988787125e+00  1.128023203357207e-03  2.858515150950706e+03  4.643406674850024e+03  4.735401742749909e-34  6.090889790121442e+01  3.523803852516190e+00  3.324200156088541e+01 -2.931843198824403e-01
  -5.865543111680668e+01  1.400047203806436e+00 -2.040542641381507e+00  1.800131477109090e-01  1.619080028264564e-10 -9.023522431250324e-06  1.204277719416139e+01  1.400047203806436e+00  2.422757002853565e+00  1.130129809904676e-03  2.885136388139562e+03  4.641822554425577e+03  4.705916555952276e-34  6.065760797611826e+01  3.526836356711462e+00  3.326398476509929e+01 -2.905204641159047e-01
  -5.947462486185194e+01  1.401704613179450e+00 -2.040972209941774e+00  1.798399449940023e-01  1.621477609701320e-10 -9.019253208203766e-06  1.204808044611835e+01  1.401704613179450e+00  2.422888412508923e+00  1.129974214164763e-03  2.872943911811934e+03  4.642336237171847e+03  4.723540993766027e-34  6.073852524620570e+01  3.526800638109162e+00  3.327221040081348e+01 -2.910079816660590e-01
  -6.559649691453268e+01  1.406788227457236e+00 -2.012815009453581e+00  1.789936958398092e-01  1.677754733340275e-10 -9.306836688303991e-06  1.204758066212536e+01  1.406788227457236e+00  2.424496667120148e+00  1.134213477727638e-03  2.900966074833640e+03  4.628334927830600e+03  4.858550525316968e-34  6.000575660030764e+01  3.534773363788446e+00  3.344612550212346e+01 -2.600969527172797e-01
  -6.381766316786815e+01  1.408566238941734e+00 -1.989299623073624e+00  1.836918286010692e-01  1.553314302709257e-10 -8.855205103080117e-06  1.207180637674718e+01  1.408566238941734e+00  2.423300379979937e+00  1.128823645911617e-03  2.962578433878384e+03  4.616813712620124e+03  4.935846662731343e-34  5.964970720706356e+01  3.528742148013841e+00  3.339571466848363e+01 -2.357794627819582e-01
  -5.933582621248108e+01  1.400743514766665e+00 -2.029240370067726e+00  1.798249881384747e-01  1.643090723761232e-10 -9.122616782853591e-06  1.203952460917200e+01  1.400743514766665e+00  2.423207570105243e+00  1.131608525026473e-03  2.905584902058505e+03  4.635932995914412e+03  4.745042027615287e-34  6.031798169194226e+01  3.529492720157620e+00  3.331965779117133e+01 -2.778757279303546e-01
  -6.496724152378691e+01  1.407089310456016e+00 -2.027624374835692e+00  1.791532780810152e-01  1.565150641741180e-10 -8.900923547776215e-06  1.206463557387632e+01  1.407089310456016e+00  2.423360874818251e+00  1.129651923071317e-03  2.866213659706938e+03  4.635930842679112e+03  4.821529180215943e-34  6.057199783220693e+01  3.527193035423685e+00  3.333142935214727e+01 -2.760958435808027e-01
  -6.253264898317017e+01  1.402735813839692e+00 -2.026592521777309e+00  1.796636419429183e-01  1.573981606345100e-10 -8.792400131357560e-06  1.206146861741849e+01  1.402735813839692e+00  2.422243130140251e+00  1.127044121673672e-03  2.898179567483419e+03  4.634244234188047e+03  4.774968736333071e-34  6.045051719932805e+01  3.522366479356049e+00  3.325180373331683e+01 -2.749629310394868e-01
  -6.092789169960315e+01  1.401392473213139e+00 -2.024125557454284e+00  1.797546308999907e-01  1.576869262201545e-10 -8.912924618383630e-06  1.204958320328936e+01  1.401392473213139e+00  2.422683358094184e+00  1.129299959260098e-03  2.912711245131490e+03  4.632940755869819e+03  4.766537197724803e-34  6.026320969957069e+01  3.525893162678600e+00  3.329020903681339e+01 -2.722655926281802e-01
  -6.492621030076116e+01  1.405825708132088e+00 -2.012322464108162e+00  1.790926656920472e-01  1.684861892425921e-10 -9.330785807551247e-06  1.204411917191000e+01  1.405825708132088e+00  2.424449020086624e+00  1.134414986631127e-03  2.908748997261171e+03  4.627918387999259e+03  4.849459207498400e-34  5.994936931041371e+01  3.534976951202587e+00  3.344396125871406e+01 -2.595742635079386e-01
  -6.120475829407462e+01  1.400412344721276e+00 -2.025899248667906e+00  1.798967530559185e-01  1.608140850950050e-10 -8.895145190605207e-06  1.205147146517737e+01  1.400412344721276e+00  2.422243404067170e+00  1.127979758940929e-03  2.915459678821273e+03  4.633564365692333e+03  4.750513195421706e-34  6.031437098233420e+01  3.523585739746706e+00  3.325426408552725e+01 -2.742033208266867e-01
  -5.953205879531401e+01  1.400168582925177e+00 -2.017494546551248e+00  1.798299573346727e-01  1.595822149553159e-10 -8.951713588533420e-06  1.204383699016167e+01  1.400168582925177e+00  2.422718218264907e+00  1.129929451619432e-03  2.935825147583538e+03  4.629159586699864e+03  4.770964571264195e-34  6.000940720285906e+01  3.526844420903460e+00  3.330647559434509e+01 -2.650926334609046e-01
  -6.200254142870408e+01  1.403233177439597e+00 -2.003412959849853e+00  1.794167360291012e-01  1.591171467582212e-10 -8.917788659477847e-06  1.205612522745608e+01  1.403233177439597e+00  2.422781970915524e+00  1.128943480173285e-03  2.946588390074544e+03  4.621854114363279e+03  4.844647245861104e-34  5.975425319490331e+01  3.525844540835089e+00  3.333768139595764e+01 -2.502202198524652e-01
  -6.020820865289163e+01  1.400179667344056e+00 -2.042909838382521e+00  1.800597928665143e-01  1.568761753859243e-10 -8.832574960924712e-06  1.205251060941814e+01  1.400179667344056e+00  2.422096349100185e+00  1.127500662918265e-03  2.879062521942236e+03  4.642805801275378e+03  4.700880593838014e-34  6.080721045978872e+01  3.522542188256982e+00  3.320990454582033e+01 -2.932134465756698e-01
  -6.066671613269774e+01  1.401474951925817e+00 -2.025492681771200e+00  1.797030086962137e-01  1.687468186662531e-10 -9.255478905495019e-06  1.203873693794770e+01  1.401474951925817e+00  2.423491118084431e+00  1.132421673252848e-03  2.908956283282120e+03  4.634112743247592e+03  4.763696624479172e-34  6.021565258507781e+01  3.530966075366446e+00  3.334796659263080e+01 -2.737584327793189e-01
  -6.049551236237130e+01  1.411697262172821e+00 -2.016078742054995e+00  1.850578823862793e-01  1.547630498118308e-10 -8.840982209335770e-06  1.208606336681496e+01  1.411697262172821e+00  2.423239465859566e+00  1.127333929462370e-03  2.881838607690093e+03  4.631816830633065e+03  4.902542260986404e-34  6.057295497423473e+01  3.526762215931403e+00  3.333690788678684e+01 -2.635754641569065e-01
  -6.039660939368788e+01  1.411578236046408e+00 -2.016041409187074e+00  1.850692764937481e-01  1.549626623885871e-10 -8.848346923313213e-06  1.208540389261894e+01  1.411578236046408e+00  2.423250242840480e+00  1.127423422192090e-03  2.882842678616504e+03  4.631788723148088e+03  4.901106206509702e-34  6.056487758372186e+01  3.526893851415754e+00  3.333783630258704e+01 -2.635355258740755e-01
  -6.072942695538620e+01  1.400072943296121e+00 -2.032452976082061e+00  1.798895171427692e-01  1.644946243842619e-10 -9.187836751546041e-06  1.203040670780549e+01  1.400072943296121e+00  2.423657670819829e+00  1.133640467320819e-03  2.902873315037384e+03  4.637840141190432e+03  4.728556404501788e-34  6.032559837512496e+01  3.532660651124397e+00  3.334734945965245e+01 -2.814347140856559e-01
  -5.976973651468479e+01  1.400299685780365e+00 -2.035453917242255e+00  1.799017879012686e-01  1.645018385330162e-10 -9.173054035227163e-06  1.203393048041056e+01  1.400299685780365e+00  2.423473622069712e+00  1.132828334303510e-03  2.894669862594103e+03  4.639422814226175e+03  4.722839762220078e-34  6.044346875579497e+01  3.531329013159372e+00  3.332753418856795e+01 -2.847842598797469e-01
  -5.991077058176266e+01  1.400417013187530e+00 -2.037552674039036e+00  1.799031052580853e-01  1.644473325069128e-10 -9.167462225106486e-06  1.203366337646256e+01  1.400417013187530e+00  2.423529288261313e+00  1.132998693104689e-03  2.889182502645338e+03  4.640617992876080e+03  4.718373575834092e-34  6.050315375059420e+01  3.531591846817588e+00  3.332751372232857e+01 -2.871413956225011e-01
  -6.124597444622532e+01  1.400522808353134e+00 -2.030920801521324e+00  1.798431682442314e-01  1.619100125860690e-10 -9.093525814321631e-06  1.203486354495504e+01  1.400522808353134e+00  2.423475472247592e+00  1.132745331676938e-03  2.903280177324805e+03  4.636964359269751e+03  4.737894878592650e-34  6.032484706903855e+01  3.531288663040917e+00  3.333650993841940e+01 -2.797339095088616e-01
  -6.005467282195080e+01  1.402184997358993e+00 -2.043097249661682e+00  1.797916608896270e-01  1.649813929809223e-10 -9.137901757528531e-06  1.204636985684289e+01  1.402184997358993e+00  2.423160557147852e+00  1.130843076165231e-03  2.864910191156287e+03  4.643703275759482e+03  4.723122791133129e-34  6.079304785289742e+01  3.528250078704990e+00  3.328816564827380e+01 -2.934273259659263e-01
  -6.219524796942220e+01  1.400746575413465e+00 -2.031650212387132e+00  1.798136778623526e-01  1.632654351898583e-10 -9.134065789557024e-06  1.203313680106710e+01  1.400746575413465e+00  2.423669488412113e+00  1.133414106466144e-03  2.900104716034518e+03  4.637490563121770e+03  4.738419572000860e-34  6.033501757210505e+01  3.532394638454948e+00  3.334951377372520e+01 -2.805428150859024e-01
  -5.915092501478613e+01  1.400896455584542e+00 -2.040369762948901e+00  1.799281184126564e-01  1.612277425920471e-10 -8.977644168170083e-06  1.204703167799678e+01  1.400896455584542e+00  2.422713559042088e+00  1.129617692783467e-03  2.879783648222271e+03  4.641813810802709e+03  4.716032897297611e-34  6.070031214070006e+01  3.526119847242543e+00  3.326068875887346e+01 -2.903244101231163e-01
  -5.889209868778467e+01  1.406045655532155e+00 -2.018262692029984e+00  1.858261911314434e-01  1.582003922284721e-10 -8.970192771267157e-06  1.206482300545008e+01  1.406045655532155e+00  2.423025139939643e+00  1.128761437928650e-03  2.920337246444729e+03  4.632554205200446e+03  4.835545658800599e-34  6.039602879533274e+01  3.528447282159176e+00  3.331780810572198e+01 -2.659178673482971e-01
  -6.275019573714664e+01  1.412132605104170e+00 -2.012189560481275e+00  1.847584407435711e-01  1.581007941829570e-10 -9.049347434160374e-06  1.207707871033097e+01  1.412132605104171e+00  2.424019314409750e+00  1.130200244472479e-03  2.886689557429002e+03  4.629931919103404e+03  4.918134152486209e-34  6.038368992903968e+01  3.531421248237260e+00  3.340362114264479e+01 -2.594333274903070e-01
  -5.960955961604931e+01  1.400578323757234e+00 -2.041790228515327e+00  1.799341979069154e-01  1.627889741130479e-10 -9.102763966454710e-06  1.203727248881869e+01  1.400578323757234e+00  2.423318844271885e+00  1.132110274109901e-03  2.878669358619343e+03  4.642859379036283e+03  4.708498153895680e-34  6.065657119694288e+01  3.530110398993725e+00  3.330332661481756e+01 -2.919377835960943e-01
  -6.374763080057996e+01  1.403338629978717e+00 -2.021301007606910e+00  1.794859240023382e-01  1.579061087118459e-10 -8.973590751837285e-06  1.204809389366585e+01  1.403338629978717e+00  2.423393420653252e+00  1.131287677109367e-03  2.905718792233391e+03  4.631999896592889e+03  4.796428342790895e-34  6.019996437466774e+01  3.529432336174671e+00  3.334806870501254e+01 -2.691965395401061e-01
  -6.005918957433791e+01  1.402286899740874e+00 -2.040773510924104e+00  1.797686973282145e-01  1.648135634794141e-10 -9.104656871162221e-06  1.204825576818023e+01  1.402286899740874e+00  2.423056147196551e+00  1.130394271580111e-03  2.869421107044222e+03  4.642386459124112e+03  4.730698685780260e-34  6.074314398556421e+01  3.527565810771383e+00  3.328488334705187e+01 -2.907824137924196e-01
  -6.136806020444117e+01  1.402036466545028e+00 -2.040456241590490e+00  1.797269821805562e-01  1.709438416375162e-10 -9.360581565218014e-06  1.203286311663572e+01  1.402036466545027e+00  2.424088984304869e+00  1.134535232519276e-03  2.871657221824792e+03  4.642703341698168e+03  4.728732797761896e-34  6.060457047661264e+01  3.534267201190553e+00  3.336299686687170e+01 -2.904224713782315e-01
  -6.150128688921646e+01  1.400931022739607e+00 -2.042115303025404e+00  1.798795715669938e-01  1.633738644112034e-10 -9.152982876165230e-06  1.203401929436765e+01  1.400931022739607e+00  2.423662972864689e+00  1.133313986781373e-03  2.875503187422265e+03  4.643257395613978e+03  4.711603167485029e-34  6.064473556549098e+01  3.532109752491183e+00  3.332829761113892e+01 -2.923078028842989e-01
  -6.217594663389944e+01  1.402059033121782e+00 -2.027253937963949e+00  1.796169793432657e-01  1.697256897421352e-10 -9.326428948626998e-06  1.203270641270380e+01  1.402059033121781e+00  2.424107286170576e+00  1.134597820523468e-03  2.900963473205299e+03  4.635464403358145e+03  4.765460305826486e-34  6.022579640204067e+01  3.534555808487170e+00  3.339044433895506e+01 -2.756888055040789e-01
 