
################################################################################
#############################   Model: best_grid   #############################
################################################################################
ln(P)                                   -1.023868307633384e+04
Mass                                     1.020000000000000e+00
log_Z                                   -1.478861916295964e+00
Age                                      5.140282380000000e+03
A3_surf                                  6.473042838815596e-16
Am1_surf                                -7.944076056600913e-09
Radius                                   1.007189448088256e+00
Mass                                     1.020000000000000e+00
log_g                                    4.440436801759741e+00
Rho                                      1.407394356625221e+00
Age                                      5.140282380000000e+03
Teff                                     5.527901043390000e+03
X                                        6.790000000000000e-01
numax                                    3.189206063757481e+03
Dnu                                      1.377618414597446e+02
Luminosity                               8.534125165987460e-01
Fe_H                                     3.018746011056061e-01
M_H                                      3.018746011056061e-01

################################################################################
################################   Frequencies   ###############################
################################################################################
l    n    freq_theo         freq+surf. corr.  freq_obs          dfreq_obs        
   0   15  2.2304722000e+03  2.2288808766e+03  2.2287490000e+03  1.4000000000e-02
   0   16  2.3657586000e+03  2.3634183795e+03  2.3627880000e+03  1.6000000000e-02
   0   17  2.5001458000e+03  2.4968955679e+03  2.4961800000e+03  1.7000000000e-02
   0   18  2.6340162000e+03  2.6298471770e+03  2.6296680000e+03  1.5000000000e-02
   0   19  2.7687536000e+03  2.7636964619e+03  2.7641420000e+03  1.5000000000e-02
   0   20  2.9044576000e+03  2.8985034383e+03  2.8990220000e+03  1.3000000000e-02
   0   21  3.0404562000e+03  3.0334932590e+03  3.0337540000e+03  1.4000000000e-02
   0   22  3.1767547000e+03  3.1686662318e+03  3.1686180000e+03  1.7000000000e-02
   0   23  3.3130130000e+03  3.3038000649e+03  3.3035200000e+03  2.1000000000e-02
   0   24  3.4494340000e+03  3.4391290301e+03  3.4389920000e+03  3.0000000000e-02
   0   25  3.5864263000e+03  3.5750754975e+03  3.5748930000e+03  4.8000000000e-02
   0   26  3.7236697000e+03  3.7112527689e+03  3.7107170000e+03  8.8000000000e-02
   0   27  3.8612198000e+03  3.8476473502e+03  3.8469930000e+03  1.7700000000e-01
   1   15  2.2943920000e+03  2.2924705781e+03  2.2919930000e+03  1.5000000000e-02
   1   16  2.4292712000e+03  2.4265151191e+03  2.4255950000e+03  1.5000000000e-02
   1   17  2.5633943000e+03  2.5596928619e+03  2.5591620000e+03  1.5000000000e-02
   1   18  2.6979352000e+03  2.6933364847e+03  2.6933470000e+03  1.4000000000e-02
   1   19  2.8331558000e+03  2.8276811373e+03  2.8281500000e+03  1.4000000000e-02
   1   20  2.9692706000e+03  2.9628344357e+03  2.9633220000e+03  1.4000000000e-02
   1   21  3.1056495000e+03  3.0981573739e+03  3.0981400000e+03  1.5000000000e-02
   1   22  3.2419236000e+03  3.2332852924e+03  3.2331390000e+03  1.8000000000e-02
   1   23  3.3784591000e+03  3.3686978257e+03  3.3684690000e+03  2.3000000000e-02
   1   24  3.5152103000e+03  3.5044057453e+03  3.5041290000e+03  3.0000000000e-02
   1   25  3.6523944000e+03  3.6405216415e+03  3.6404750000e+03  3.8000000000e-02
   1   26  3.7899821000e+03  3.7770074596e+03  3.7770670000e+03  5.2000000000e-02
   1   27  3.9276584000e+03  3.9135203101e+03  3.9135700000e+03  6.8000000000e-02
   2   15  2.3551449000e+03  2.3528647233e+03  2.3522220000e+03  1.7000000000e-02
   2   16  2.4899023000e+03  2.4867180015e+03  2.4858730000e+03  1.9000000000e-02
   2   17  2.6240446000e+03  2.6199314250e+03  2.6196680000e+03  1.8000000000e-02
   2   18  2.7590721000e+03  2.7540653696e+03  2.7544390000e+03  1.7000000000e-02
   2   19  2.8950092000e+03  2.8891087886e+03  2.8895780000e+03  1.8000000000e-02
   2   20  3.0313007000e+03  3.0243919638e+03  3.0246890000e+03  1.8000000000e-02
   2   21  3.1679173000e+03  3.1598866996e+03  3.1598210000e+03  2.0000000000e-02
   2   22  3.3044327000e+03  3.2952716664e+03  3.2950630000e+03  2.5000000000e-02
   2   23  3.4411266000e+03  3.4308634188e+03  3.4307480000e+03  3.4000000000e-02
   2   24  3.5783557000e+03  3.5670473391e+03  3.5669490000e+03  4.4000000000e-02
   2   25  3.7158211000e+03  3.7034440783e+03  3.7030440000e+03  6.7000000000e-02
   2   26  3.8536166000e+03  3.8400850049e+03  3.8397170000e+03  1.4400000000e-01
   2   27  3.9916431000e+03  3.9769239367e+03  3.9769300000e+03  2.9800000000e-01
