/home/bmr135/SPACEINN/AIMS/project/GridCLESAIMS/Ov0.0/ 6.674200e-08
6 1.998813179464988e+33 6.967616643618373e+10 3.445387084346899e+33 0.02681 0.69284 5.139378388691223e+03 5617.73812
0.035485254088703 M1.01.X0.679.Z0.0332/AIMS/M1.01.X0.679.Z0.0332-0077.mod.txt
0.081125112366178 M1.01.X0.679.Z0.0332/AIMS/M1.01.X0.679.Z0.0332-0078.mod.txt
0.243846584542759 M1.00.X0.679.Z0.0332/AIMS/M1.00.X0.679.Z0.0332-0081.mod.txt
0.232457003015676 M1.00.X0.679.Z0.0332/AIMS/M1.00.X0.679.Z0.0332-0082.mod.txt
0.384030621284965 M1.01.X0.713.Z0.0175/AIMS/M1.01.X0.713.Z0.0175-0084.mod.txt
0.023055424701718 M1.01.X0.713.Z0.0175/AIMS/M1.01.X0.713.Z0.0175-0085.mod.txt

6 1.986359549669915e+33 6.950961353698276e+10 3.513118804069795e+33 0.02429 0.69829 5.136834747550564e+03 5651.90540
0.171899296511767 M1.00.X0.679.Z0.0332/AIMS/M1.00.X0.679.Z0.0332-0081.mod.txt
0.158178578432277 M1.00.X0.679.Z0.0332/AIMS/M1.00.X0.679.Z0.0332-0082.mod.txt
0.040000723325045 M0.99.X0.679.Z0.0332/AIMS/M0.99.X0.679.Z0.0332-0082.mod.txt
0.062616975834291 M0.99.X0.679.Z0.0332/AIMS/M0.99.X0.679.Z0.0332-0083.mod.txt
0.285332839625428 M1.00.X0.713.Z0.0175/AIMS/M1.00.X0.713.Z0.0175-0084.mod.txt
0.281971586271192 M1.00.X0.713.Z0.0175/AIMS/M1.00.X0.713.Z0.0175-0085.mod.txt

6 1.995218202126946e+33 6.962827474274503e+10 3.466870465536285e+33 0.02604 0.69450 5.136282897786719e+03 5628.40961
0.274098407437680 M1.00.X0.679.Z0.0332/AIMS/M1.00.X0.679.Z0.0332-0081.mod.txt
0.269922185416100 M1.00.X0.679.Z0.0332/AIMS/M1.00.X0.679.Z0.0332-0082.mod.txt
0.054892883694876 M1.00.X0.713.Z0.0175/AIMS/M1.00.X0.713.Z0.0175-0084.mod.txt
0.058187603367533 M1.00.X0.713.Z0.0175/AIMS/M1.00.X0.713.Z0.0175-0085.mod.txt
0.320619654528746 M1.01.X0.713.Z0.0175/AIMS/M1.01.X0.713.Z0.0175-0084.mod.txt
0.022279265555066 M1.01.X0.713.Z0.0175/AIMS/M1.01.X0.713.Z0.0175-0085.mod.txt

6 1.986935371329899e+33 6.952034496779951e+10 3.501354690338764e+33 0.02460 0.69762 5.161291819921854e+03 5646.73205
0.168557325171112 M1.00.X0.679.Z0.0332/AIMS/M1.00.X0.679.Z0.0332-0081.mod.txt
0.210172155996509 M1.00.X0.679.Z0.0332/AIMS/M1.00.X0.679.Z0.0332-0082.mod.txt
0.023153823276800 M0.99.X0.679.Z0.0332/AIMS/M0.99.X0.679.Z0.0332-0082.mod.txt
0.050504830419652 M0.99.X0.679.Z0.0332/AIMS/M0.99.X0.679.Z0.0332-0083.mod.txt
0.232529905227488 M1.00.X0.713.Z0.0175/AIMS/M1.00.X0.713.Z0.0175-0084.mod.txt
0.315081959908439 M1.00.X0.713.Z0.0175/AIMS/M1.00.X0.713.Z0.0175-0085.mod.txt

6 1.997583818765147e+33 6.965959867818317e+10 3.448956083055996e+33 0.02663 0.69323 5.150548586717347e+03 5619.86057
0.010656281676075 M1.01.X0.679.Z0.0332/AIMS/M1.01.X0.679.Z0.0332-0077.mod.txt
0.032576748473249 M1.01.X0.679.Z0.0332/AIMS/M1.01.X0.679.Z0.0332-0078.mod.txt
0.243880050575094 M1.00.X0.679.Z0.0332/AIMS/M1.00.X0.679.Z0.0332-0081.mod.txt
0.294250166426148 M1.00.X0.679.Z0.0332/AIMS/M1.00.X0.679.Z0.0332-0082.mod.txt
0.369662320851405 M1.01.X0.713.Z0.0175/AIMS/M1.01.X0.713.Z0.0175-0084.mod.txt
0.048974431998029 M1.01.X0.713.Z0.0175/AIMS/M1.01.X0.713.Z0.0175-0085.mod.txt

6 1.988679427469123e+33 6.954296237641118e+10 3.494621670254092e+33 0.02489 0.69699 5.150486016486992e+03 5643.09757
0.241234199609496 M1.00.X0.679.Z0.0332/AIMS/M1.00.X0.679.Z0.0332-0081.mod.txt
0.229758970877656 M1.00.X0.679.Z0.0332/AIMS/M1.00.X0.679.Z0.0332-0082.mod.txt
0.254419968582324 M1.00.X0.713.Z0.0175/AIMS/M1.00.X0.713.Z0.0175-0084.mod.txt
0.260533980769404 M1.00.X0.713.Z0.0175/AIMS/M1.00.X0.713.Z0.0175-0085.mod.txt
0.013260249738744 M1.01.X0.713.Z0.0175/AIMS/M1.01.X0.713.Z0.0175-0084.mod.txt
0.000792630422375 M1.01.X0.713.Z0.0175/AIMS/M1.01.X0.713.Z0.0175-0085.mod.txt

6 1.998382055942325e+33 6.967636950328290e+10 3.426801302403185e+33 0.02719 0.69201 5.201547491029617e+03 5610.13851
0.010833933188410 M1.01.X0.679.Z0.0332/AIMS/M1.01.X0.679.Z0.0332-0077.mod.txt
0.108476718527045 M1.01.X0.679.Z0.0332/AIMS/M1.01.X0.679.Z0.0332-0078.mod.txt
0.146905223365944 M1.00.X0.679.Z0.0332/AIMS/M1.00.X0.679.Z0.0332-0081.mod.txt
0.351080295527363 M1.00.X0.679.Z0.0332/AIMS/M1.00.X0.679.Z0.0332-0082.mod.txt
0.275747887497499 M1.01.X0.713.Z0.0175/AIMS/M1.01.X0.713.Z0.0175-0084.mod.txt
0.106955941893739 M1.01.X0.713.Z0.0175/AIMS/M1.01.X0.713.Z0.0175-0085.mod.txt

6 1.982340712159573e+33 6.945276375455217e+10 3.539499217266827e+33 0.02338 0.70027 5.131006896246937e+03 5664.80288
0.031924667344008 M1.00.X0.679.Z0.0332/AIMS/M1.00.X0.679.Z0.0332-0081.mod.txt
0.037667910529349 M1.00.X0.679.Z0.0332/AIMS/M1.00.X0.679.Z0.0332-0082.mod.txt
0.099942656109809 M0.99.X0.679.Z0.0332/AIMS/M0.99.X0.679.Z0.0332-0082.mod.txt
0.204789180564249 M0.99.X0.679.Z0.0332/AIMS/M0.99.X0.679.Z0.0332-0083.mod.txt
0.274530208815302 M1.00.X0.713.Z0.0175/AIMS/M1.00.X0.713.Z0.0175-0084.mod.txt
0.351145376637283 M1.00.X0.713.Z0.0175/AIMS/M1.00.X0.713.Z0.0175-0085.mod.txt

6 1.995297713538399e+33 6.963192073862962e+10 3.454940781050634e+33 0.02631 0.69392 5.170046234780262e+03 5623.41421
0.215472105024379 M1.00.X0.679.Z0.0332/AIMS/M1.00.X0.679.Z0.0332-0081.mod.txt
0.345814586781650 M1.00.X0.679.Z0.0332/AIMS/M1.00.X0.679.Z0.0332-0082.mod.txt
0.033177046685780 M1.00.X0.713.Z0.0175/AIMS/M1.00.X0.713.Z0.0175-0084.mod.txt
0.058638578024021 M1.00.X0.713.Z0.0175/AIMS/M1.00.X0.713.Z0.0175-0085.mod.txt
0.281620577665122 M1.01.X0.713.Z0.0175/AIMS/M1.01.X0.713.Z0.0175-0084.mod.txt
0.065277105819048 M1.01.X0.713.Z0.0175/AIMS/M1.01.X0.713.Z0.0175-0085.mod.txt

6 1.988025687297706e+33 6.953473657581062e+10 3.497128923723896e+33 0.02479 0.69722 5.154197898338721e+03 5644.44331
0.219554019285106 M1.00.X0.679.Z0.0332/AIMS/M1.00.X0.679.Z0.0332-0081.mod.txt
0.225717551063057 M1.00.X0.679.Z0.0332/AIMS/M1.00.X0.679.Z0.0332-0082.mod.txt
0.006818225467402 M0.99.X0.679.Z0.0332/AIMS/M0.99.X0.679.Z0.0332-0082.mod.txt
0.012006593597876 M0.99.X0.679.Z0.0332/AIMS/M0.99.X0.679.Z0.0332-0083.mod.txt
0.254179787375340 M1.00.X0.713.Z0.0175/AIMS/M1.00.X0.713.Z0.0175-0084.mod.txt
0.281723823211219 M1.00.X0.713.Z0.0175/AIMS/M1.00.X0.713.Z0.0175-0085.mod.txt

6 1.997773083558323e+33 6.966411037020900e+10 3.440306950897375e+33 0.02684 0.69278 5.172109776872698e+03 5616.15208
0.011822355326710 M1.01.X0.679.Z0.0332/AIMS/M1.01.X0.679.Z0.0332-0077.mod.txt
0.054208638882816 M1.01.X0.679.Z0.0332/AIMS/M1.01.X0.679.Z0.0332-0078.mod.txt
0.203338555033707 M1.00.X0.679.Z0.0332/AIMS/M1.00.X0.679.Z0.0332-0081.mod.txt
0.325273215318175 M1.00.X0.679.Z0.0332/AIMS/M1.00.X0.679.Z0.0332-0082.mod.txt
0.329402499627667 M1.01.X0.713.Z0.0175/AIMS/M1.01.X0.713.Z0.0175-0084.mod.txt
0.075954735810923 M1.01.X0.713.Z0.0175/AIMS/M1.01.X0.713.Z0.0175-0085.mod.txt

6 1.988568506339315e+33 6.954056858322716e+10 3.498601350119763e+33 0.02480 0.69720 5.140500250936733e+03 5644.80063
0.255024443015652 M1.00.X0.679.Z0.0332/AIMS/M1.00.X0.679.Z0.0332-0081.mod.txt
0.209784798058984 M1.00.X0.679.Z0.0332/AIMS/M1.00.X0.679.Z0.0332-0082.mod.txt
0.280110474213988 M1.00.X0.713.Z0.0175/AIMS/M1.00.X0.713.Z0.0175-0084.mod.txt
0.246605815826099 M1.00.X0.713.Z0.0175/AIMS/M1.00.X0.713.Z0.0175-0085.mod.txt
0.008314034226962 M1.01.X0.713.Z0.0175/AIMS/M1.01.X0.713.Z0.0175-0084.mod.txt
0.000160434658316 M1.01.X0.713.Z0.0175/AIMS/M1.01.X0.713.Z0.0175-0085.mod.txt

6 1.997815140622254e+33 6.966020928882103e+10 3.454803487233771e+33 0.02651 0.69348 5.128979700898482e+03 5622.21640
0.015388514127744 M1.01.X0.679.Z0.0332/AIMS/M1.01.X0.679.Z0.0332-0077.mod.txt
0.032245437259017 M1.01.X0.679.Z0.0332/AIMS/M1.01.X0.679.Z0.0332-0078.mod.txt
0.279575630645144 M1.00.X0.679.Z0.0332/AIMS/M1.00.X0.679.Z0.0332-0081.mod.txt
0.246921018809000 M1.00.X0.679.Z0.0332/AIMS/M1.00.X0.679.Z0.0332-0082.mod.txt
0.410085122691849 M1.01.X0.713.Z0.0175/AIMS/M1.01.X0.713.Z0.0175-0084.mod.txt
0.015784276467246 M1.01.X0.713.Z0.0175/AIMS/M1.01.X0.713.Z0.0175-0085.mod.txt

6 1.988825443155341e+33 6.954570271675711e+10 3.490885907120442e+33 0.02499 0.69678 5.159265918238510e+03 5641.47769
0.228830761534808 M1.00.X0.679.Z0.0332/AIMS/M1.00.X0.679.Z0.0332-0081.mod.txt
0.248187718502993 M1.00.X0.679.Z0.0332/AIMS/M1.00.X0.679.Z0.0332-0082.mod.txt
0.230965761676054 M1.00.X0.713.Z0.0175/AIMS/M1.00.X0.713.Z0.0175-0084.mod.txt
0.270619502233992 M1.00.X0.713.Z0.0175/AIMS/M1.00.X0.713.Z0.0175-0085.mod.txt
0.019475830261796 M1.01.X0.713.Z0.0175/AIMS/M1.01.X0.713.Z0.0175-0084.mod.txt
0.001920425790357 M1.01.X0.713.Z0.0175/AIMS/M1.01.X0.713.Z0.0175-0085.mod.txt

6 1.983916205994014e+33 6.947569059710739e+10 3.528471738144320e+33 0.02375 0.69946 5.135637537651862e+03 5659.45143
0.081861078088031 M1.00.X0.679.Z0.0332/AIMS/M1.00.X0.679.Z0.0332-0081.mod.txt
0.090871871321877 M1.00.X0.679.Z0.0332/AIMS/M1.00.X0.679.Z0.0332-0082.mod.txt
0.077367622367369 M0.99.X0.679.Z0.0332/AIMS/M0.99.X0.679.Z0.0332-0082.mod.txt
0.148129963932483 M0.99.X0.679.Z0.0332/AIMS/M0.99.X0.679.Z0.0332-0083.mod.txt
0.273491090685954 M1.00.X0.713.Z0.0175/AIMS/M1.00.X0.713.Z0.0175-0084.mod.txt
0.328278373604285 M1.00.X0.713.Z0.0175/AIMS/M1.00.X0.713.Z0.0175-0085.mod.txt

6 1.984381617005725e+33 6.948211295668410e+10 3.524904664634915e+33 0.02387 0.69921 5.137536206834345e+03 5657.75905
0.097158227553192 M1.00.X0.679.Z0.0332/AIMS/M1.00.X0.679.Z0.0332-0081.mod.txt
0.106404702210525 M1.00.X0.679.Z0.0332/AIMS/M1.00.X0.679.Z0.0332-0082.mod.txt
0.070015975717171 M0.99.X0.679.Z0.0332/AIMS/M0.99.X0.679.Z0.0332-0082.mod.txt
0.132075303415552 M0.99.X0.679.Z0.0332/AIMS/M0.99.X0.679.Z0.0332-0083.mod.txt
0.272190132515013 M1.00.X0.713.Z0.0175/AIMS/M1.00.X0.713.Z0.0175-0084.mod.txt
0.322155658588547 M1.00.X0.713.Z0.0175/AIMS/M1.00.X0.713.Z0.0175-0085.mod.txt

6 1.995022861198455e+33 6.963150719296274e+10 3.452172900061728e+33 0.02636 0.69382 5.184182210276340e+03 5622.30429
0.187569929246311 M1.00.X0.679.Z0.0332/AIMS/M1.00.X0.679.Z0.0332-0081.mod.txt
0.376616245268838 M1.00.X0.679.Z0.0332/AIMS/M1.00.X0.679.Z0.0332-0082.mod.txt
0.031658087617763 M1.00.X0.713.Z0.0175/AIMS/M1.00.X0.713.Z0.0175-0084.mod.txt
0.071080843557350 M1.00.X0.713.Z0.0175/AIMS/M1.00.X0.713.Z0.0175-0085.mod.txt
0.252804928995382 M1.01.X0.713.Z0.0175/AIMS/M1.01.X0.713.Z0.0175-0084.mod.txt
0.080269965314355 M1.01.X0.713.Z0.0175/AIMS/M1.01.X0.713.Z0.0175-0085.mod.txt

6 1.988500664185575e+33 6.954114303328288e+10 3.493060852248900e+33 0.02491 0.69694 5.157555815031047e+03 5642.54118
0.230876809682971 M1.00.X0.679.Z0.0332/AIMS/M1.00.X0.679.Z0.0332-0081.mod.txt
0.241374031974656 M1.00.X0.679.Z0.0332/AIMS/M1.00.X0.679.Z0.0332-0082.mod.txt
0.245643717886705 M1.00.X0.713.Z0.0175/AIMS/M1.00.X0.713.Z0.0175-0084.mod.txt
0.277042868258190 M1.00.X0.713.Z0.0175/AIMS/M1.00.X0.713.Z0.0175-0085.mod.txt
0.004655890837154 M1.01.X0.713.Z0.0175/AIMS/M1.01.X0.713.Z0.0175-0084.mod.txt
0.000406681360324 M1.01.X0.713.Z0.0175/AIMS/M1.01.X0.713.Z0.0175-0085.mod.txt

6 1.993831954918955e+33 6.960552215237396e+10 3.485495885204352e+33 0.02551 0.69565 5.100737586510390e+03 5636.87501
0.329400096135883 M1.00.X0.679.Z0.0332/AIMS/M1.00.X0.679.Z0.0332-0081.mod.txt
0.180874775586514 M1.00.X0.679.Z0.0332/AIMS/M1.00.X0.679.Z0.0332-0082.mod.txt
0.136858970382634 M1.00.X0.713.Z0.0175/AIMS/M1.00.X0.713.Z0.0175-0084.mod.txt
0.079683955171426 M1.00.X0.713.Z0.0175/AIMS/M1.00.X0.713.Z0.0175-0085.mod.txt
0.021899054119633 M1.01.X0.713.Z0.0175/AIMS/M1.01.X0.713.Z0.0175-0083.mod.txt
0.251283148603910 M1.01.X0.713.Z0.0175/AIMS/M1.01.X0.713.Z0.0175-0084.mod.txt

6 1.988213036357472e+33 6.953072901297803e+10 3.517960889935752e+33 0.02434 0.69819 5.089889381315621e+03 5652.99331
0.310038435452372 M1.00.X0.679.Z0.0332/AIMS/M1.00.X0.679.Z0.0332-0081.mod.txt
0.116232339308086 M1.00.X0.679.Z0.0332/AIMS/M1.00.X0.679.Z0.0332-0082.mod.txt
0.005600605898588 M0.99.X0.679.Z0.0332/AIMS/M0.99.X0.679.Z0.0332-0082.mod.txt
0.003802111991574 M0.99.X0.679.Z0.0332/AIMS/M0.99.X0.679.Z0.0332-0083.mod.txt
0.404414970123550 M1.00.X0.713.Z0.0175/AIMS/M1.00.X0.713.Z0.0175-0084.mod.txt
0.159911537225829 M1.00.X0.713.Z0.0175/AIMS/M1.00.X0.713.Z0.0175-0085.mod.txt

6 1.997114258906443e+33 6.965848224539052e+10 3.437346165551848e+33 0.02685 0.69274 5.193944579499230e+03 5615.17019
0.003148146231546 M1.01.X0.679.Z0.0332/AIMS/M1.01.X0.679.Z0.0332-0077.mod.txt
0.030855524919995 M1.01.X0.679.Z0.0332/AIMS/M1.01.X0.679.Z0.0332-0078.mod.txt
0.166729280468530 M1.00.X0.679.Z0.0332/AIMS/M1.00.X0.679.Z0.0332-0081.mod.txt
0.395015896234202 M1.00.X0.679.Z0.0332/AIMS/M1.00.X0.679.Z0.0332-0082.mod.txt
0.292023532510492 M1.01.X0.713.Z0.0175/AIMS/M1.01.X0.713.Z0.0175-0084.mod.txt
0.112227619635235 M1.01.X0.713.Z0.0175/AIMS/M1.01.X0.713.Z0.0175-0085.mod.txt

6 1.988543885053111e+33 6.954354319791098e+10 3.488155132894843e+33 0.02503 0.69670 5.171764775955614e+03 5640.46168
0.209597453775819 M1.00.X0.679.Z0.0332/AIMS/M1.00.X0.679.Z0.0332-0081.mod.txt
0.269903696843735 M1.00.X0.679.Z0.0332/AIMS/M1.00.X0.679.Z0.0332-0082.mod.txt
0.213726127909283 M1.00.X0.713.Z0.0175/AIMS/M1.00.X0.713.Z0.0175-0084.mod.txt
0.299536498723688 M1.00.X0.713.Z0.0175/AIMS/M1.00.X0.713.Z0.0175-0085.mod.txt
0.006270151907816 M1.01.X0.713.Z0.0175/AIMS/M1.01.X0.713.Z0.0175-0084.mod.txt
0.000966070839659 M1.01.X0.713.Z0.0175/AIMS/M1.01.X0.713.Z0.0175-0085.mod.txt

6 1.999812825608738e+33 6.968827589207431e+10 3.446158349461362e+33 0.02687 0.69270 5.119335866078967e+03 5617.56434
0.066437777987965 M1.01.X0.679.Z0.0332/AIMS/M1.01.X0.679.Z0.0332-0077.mod.txt
0.104539364153352 M1.01.X0.679.Z0.0332/AIMS/M1.01.X0.679.Z0.0332-0078.mod.txt
0.254591471388402 M1.00.X0.679.Z0.0332/AIMS/M1.00.X0.679.Z0.0332-0081.mod.txt
0.171438220386985 M1.00.X0.679.Z0.0332/AIMS/M1.00.X0.679.Z0.0332-0082.mod.txt
0.012559233116263 M1.01.X0.713.Z0.0175/AIMS/M1.01.X0.713.Z0.0175-0083.mod.txt
0.390433932967034 M1.01.X0.713.Z0.0175/AIMS/M1.01.X0.713.Z0.0175-0084.mod.txt

6 1.987227267228067e+33 6.952201537494617e+10 3.506695148341340e+33 0.02451 0.69782 5.140175533467216e+03 5648.81612
0.204098522784014 M1.00.X0.679.Z0.0332/AIMS/M1.00.X0.679.Z0.0332-0081.mod.txt
0.183254142850777 M1.00.X0.679.Z0.0332/AIMS/M1.00.X0.679.Z0.0332-0082.mod.txt
0.023349936165202 M0.99.X0.679.Z0.0332/AIMS/M0.99.X0.679.Z0.0332-0082.mod.txt
0.035628778979308 M0.99.X0.679.Z0.0332/AIMS/M0.99.X0.679.Z0.0332-0083.mod.txt
0.281981143046261 M1.00.X0.713.Z0.0175/AIMS/M1.00.X0.713.Z0.0175-0084.mod.txt
0.271687476174440 M1.00.X0.713.Z0.0175/AIMS/M1.00.X0.713.Z0.0175-0085.mod.txt

6 1.997482986619305e+33 6.966012511241820e+10 3.441662826792400e+33 0.02678 0.69290 5.173306528302197e+03 5616.86602
0.008163350390469 M1.01.X0.679.Z0.0332/AIMS/M1.01.X0.679.Z0.0332-0077.mod.txt
0.039829888401096 M1.01.X0.679.Z0.0332/AIMS/M1.01.X0.679.Z0.0332-0078.mod.txt
0.204010965439416 M1.00.X0.679.Z0.0332/AIMS/M1.00.X0.679.Z0.0332-0081.mod.txt
0.339190270765310 M1.00.X0.679.Z0.0332/AIMS/M1.00.X0.679.Z0.0332-0082.mod.txt
0.328386362283237 M1.01.X0.713.Z0.0175/AIMS/M1.01.X0.713.Z0.0175-0084.mod.txt
0.080419162720471 M1.01.X0.713.Z0.0175/AIMS/M1.01.X0.713.Z0.0175-0085.mod.txt

6 1.988759378009324e+33 6.954457137873885e+10 3.490549851863104e+33 0.02499 0.69678 5.160836758414592e+03 5641.38781
0.226850507816299 M1.00.X0.679.Z0.0332/AIMS/M1.00.X0.679.Z0.0332-0081.mod.txt
0.250223059949201 M1.00.X0.679.Z0.0332/AIMS/M1.00.X0.679.Z0.0332-0082.mod.txt
0.230273524436457 M1.00.X0.713.Z0.0175/AIMS/M1.00.X0.713.Z0.0175-0084.mod.txt
0.274579179708935 M1.00.X0.713.Z0.0175/AIMS/M1.00.X0.713.Z0.0175-0085.mod.txt
0.016373433289663 M1.01.X0.713.Z0.0175/AIMS/M1.01.X0.713.Z0.0175-0084.mod.txt
0.001700294799445 M1.01.X0.713.Z0.0175/AIMS/M1.01.X0.713.Z0.0175-0085.mod.txt

6 1.997742955989154e+33 6.966388620219174e+10 3.443084122888372e+33 0.02677 0.69292 5.165364338134485e+03 5617.29418
0.012055095064800 M1.01.X0.679.Z0.0332/AIMS/M1.01.X0.679.Z0.0332-0077.mod.txt
0.048504406733322 M1.01.X0.679.Z0.0332/AIMS/M1.01.X0.679.Z0.0332-0078.mod.txt
0.214706016945857 M1.00.X0.679.Z0.0332/AIMS/M1.00.X0.679.Z0.0332-0081.mod.txt
0.315420919829731 M1.00.X0.679.Z0.0332/AIMS/M1.00.X0.679.Z0.0332-0082.mod.txt
0.341170115497766 M1.01.X0.713.Z0.0175/AIMS/M1.01.X0.713.Z0.0175-0084.mod.txt
0.068143445928525 M1.01.X0.713.Z0.0175/AIMS/M1.01.X0.713.Z0.0175-0085.mod.txt

6 1.988617080439663e+33 6.954268797703787e+10 3.494740839133699e+33 0.02489 0.69700 5.151479675745948e+03 5643.15681
0.239213470087635 M1.00.X0.679.Z0.0332/AIMS/M1.00.X0.679.Z0.0332-0081.mod.txt
0.231378655344653 M1.00.X0.679.Z0.0332/AIMS/M1.00.X0.679.Z0.0332-0082.mod.txt
0.254098158163282 M1.00.X0.713.Z0.0175/AIMS/M1.00.X0.713.Z0.0175-0084.mod.txt
0.264392373834391 M1.00.X0.713.Z0.0175/AIMS/M1.00.X0.713.Z0.0175-0085.mod.txt
0.010258311481937 M1.01.X0.713.Z0.0175/AIMS/M1.01.X0.713.Z0.0175-0084.mod.txt
0.000659031088101 M1.01.X0.713.Z0.0175/AIMS/M1.01.X0.713.Z0.0175-0085.mod.txt

6 1.995275174347516e+33 6.962685310885207e+10 3.471301899971189e+33 0.02594 0.69471 5.121575045333289e+03 5630.26481
0.299820861848788 M1.00.X0.679.Z0.0332/AIMS/M1.00.X0.679.Z0.0332-0081.mod.txt
0.238049375759836 M1.00.X0.679.Z0.0332/AIMS/M1.00.X0.679.Z0.0332-0082.mod.txt
0.062938083323500 M1.00.X0.713.Z0.0175/AIMS/M1.00.X0.713.Z0.0175-0084.mod.txt
0.053427529625313 M1.00.X0.713.Z0.0175/AIMS/M1.00.X0.713.Z0.0175-0085.mod.txt
0.342328446060278 M1.01.X0.713.Z0.0175/AIMS/M1.01.X0.713.Z0.0175-0084.mod.txt
0.003435703382284 M1.01.X0.713.Z0.0175/AIMS/M1.01.X0.713.Z0.0175-0085.mod.txt

6 1.984562973978807e+33 6.948701753629851e+10 3.515961890097875e+33 0.02408 0.69875 5.160485918094591e+03 5653.96762
0.090317736215680 M1.00.X0.679.Z0.0332/AIMS/M1.00.X0.679.Z0.0332-0081.mod.txt
0.135928025269597 M1.00.X0.679.Z0.0332/AIMS/M1.00.X0.679.Z0.0332-0082.mod.txt
0.051839414937780 M0.99.X0.679.Z0.0332/AIMS/M0.99.X0.679.Z0.0332-0082.mod.txt
0.141131115196639 M0.99.X0.679.Z0.0332/AIMS/M0.99.X0.679.Z0.0332-0083.mod.txt
0.219062865587366 M1.00.X0.713.Z0.0175/AIMS/M1.00.X0.713.Z0.0175-0084.mod.txt
0.361720842792937 M1.00.X0.713.Z0.0175/AIMS/M1.00.X0.713.Z0.0175-0085.mod.txt

6 1.982906879828374e+33 6.946115609460680e+10 3.533628374944914e+33 0.02355 0.69989 5.137857720469828e+03 5662.11033
0.048776369648364 M1.00.X0.679.Z0.0332/AIMS/M1.00.X0.679.Z0.0332-0081.mod.txt
0.060483132499177 M1.00.X0.679.Z0.0332/AIMS/M1.00.X0.679.Z0.0332-0082.mod.txt
0.087215198312596 M0.99.X0.679.Z0.0332/AIMS/M0.99.X0.679.Z0.0332-0082.mod.txt
0.189043108447909 M0.99.X0.679.Z0.0332/AIMS/M0.99.X0.679.Z0.0332-0083.mod.txt
0.261793627444865 M1.00.X0.713.Z0.0175/AIMS/M1.00.X0.713.Z0.0175-0084.mod.txt
0.352688563647089 M1.00.X0.713.Z0.0175/AIMS/M1.00.X0.713.Z0.0175-0085.mod.txt

6 1.981674577773526e+33 6.945161231086278e+10 3.516010948112765e+33 0.02384 0.69927 5.211442294533881e+03 5655.42832
0.010471941264546 M1.00.X0.679.Z0.0332/AIMS/M1.00.X0.679.Z0.0332-0081.mod.txt
0.055153981247975 M1.00.X0.679.Z0.0332/AIMS/M1.00.X0.679.Z0.0332-0082.mod.txt
0.010089778893555 M0.99.X0.679.Z0.0332/AIMS/M0.99.X0.679.Z0.0332-0082.mod.txt
0.328143083029275 M0.99.X0.679.Z0.0332/AIMS/M0.99.X0.679.Z0.0332-0083.mod.txt
0.077071754157732 M1.00.X0.713.Z0.0175/AIMS/M1.00.X0.713.Z0.0175-0084.mod.txt
0.519069461406917 M1.00.X0.713.Z0.0175/AIMS/M1.00.X0.713.Z0.0175-0085.mod.txt

6 1.998909975949186e+33 6.967743598686491e+10 3.443868953551141e+33 0.02685 0.69275 5.141758294756044e+03 5617.06801
0.037072911371493 M1.01.X0.679.Z0.0332/AIMS/M1.01.X0.679.Z0.0332-0077.mod.txt
0.087011447367533 M1.01.X0.679.Z0.0332/AIMS/M1.01.X0.679.Z0.0332-0078.mod.txt
0.238703040917143 M1.00.X0.679.Z0.0332/AIMS/M1.00.X0.679.Z0.0332-0081.mod.txt
0.232732487689480 M1.00.X0.679.Z0.0332/AIMS/M1.00.X0.679.Z0.0332-0082.mod.txt
0.379235845006169 M1.01.X0.713.Z0.0175/AIMS/M1.01.X0.713.Z0.0175-0084.mod.txt
0.025244267648182 M1.01.X0.713.Z0.0175/AIMS/M1.01.X0.713.Z0.0175-0085.mod.txt

6 1.987508093390550e+33 6.952785171466478e+10 3.497433057317050e+33 0.02474 0.69733 5.162090577706570e+03 5644.84549
0.189333296107898 M1.00.X0.679.Z0.0332/AIMS/M1.00.X0.679.Z0.0332-0081.mod.txt
0.226656637733399 M1.00.X0.679.Z0.0332/AIMS/M1.00.X0.679.Z0.0332-0082.mod.txt
0.014550405002099 M0.99.X0.679.Z0.0332/AIMS/M0.99.X0.679.Z0.0332-0082.mod.txt
0.030305087325880 M0.99.X0.679.Z0.0332/AIMS/M0.99.X0.679.Z0.0332-0083.mod.txt
0.234560474490667 M1.00.X0.713.Z0.0175/AIMS/M1.00.X0.713.Z0.0175-0084.mod.txt
0.304594099340059 M1.00.X0.713.Z0.0175/AIMS/M1.00.X0.713.Z0.0175-0085.mod.txt

6 1.999047654782092e+33 6.967843527124106e+10 3.447856192797473e+33 0.02677 0.69292 5.128107551814374e+03 5618.65284
0.043598562072925 M1.01.X0.679.Z0.0332/AIMS/M1.01.X0.679.Z0.0332-0077.mod.txt
0.082515301997196 M1.01.X0.679.Z0.0332/AIMS/M1.01.X0.679.Z0.0332-0078.mod.txt
0.257352360308169 M1.00.X0.679.Z0.0332/AIMS/M1.00.X0.679.Z0.0332-0081.mod.txt
0.207159066864817 M1.00.X0.679.Z0.0332/AIMS/M1.00.X0.679.Z0.0332-0082.mod.txt
0.403879746728708 M1.01.X0.713.Z0.0175/AIMS/M1.01.X0.713.Z0.0175-0084.mod.txt
0.005494962028183 M1.01.X0.713.Z0.0175/AIMS/M1.01.X0.713.Z0.0175-0085.mod.txt

6 1.988496964588144e+33 6.954255161251427e+10 3.487526520770159e+33 0.02504 0.69668 5.173770305575962e+03 5640.24775
0.207138445196657 M1.00.X0.679.Z0.0332/AIMS/M1.00.X0.679.Z0.0332-0081.mod.txt
0.272900596581255 M1.00.X0.679.Z0.0332/AIMS/M1.00.X0.679.Z0.0332-0082.mod.txt
0.211494178931744 M1.00.X0.713.Z0.0175/AIMS/M1.00.X0.713.Z0.0175-0084.mod.txt
0.303590266106661 M1.00.X0.713.Z0.0175/AIMS/M1.00.X0.713.Z0.0175-0085.mod.txt
0.004197364509646 M1.01.X0.713.Z0.0175/AIMS/M1.01.X0.713.Z0.0175-0084.mod.txt
0.000679148674037 M1.01.X0.713.Z0.0175/AIMS/M1.01.X0.713.Z0.0175-0085.mod.txt

6 1.994548705175860e+33 6.961906497106781e+10 3.471007116120460e+33 0.02589 0.69482 5.133785237980141e+03 5630.46019
0.277506588641731 M1.00.X0.679.Z0.0332/AIMS/M1.00.X0.679.Z0.0332-0081.mod.txt
0.257170733852560 M1.00.X0.679.Z0.0332/AIMS/M1.00.X0.679.Z0.0332-0082.mod.txt
0.078224015669998 M1.00.X0.713.Z0.0175/AIMS/M1.00.X0.713.Z0.0175-0084.mod.txt
0.077869876085363 M1.00.X0.713.Z0.0175/AIMS/M1.00.X0.713.Z0.0175-0085.mod.txt
0.293958104575638 M1.01.X0.713.Z0.0175/AIMS/M1.01.X0.713.Z0.0175-0084.mod.txt
0.015270681174710 M1.01.X0.713.Z0.0175/AIMS/M1.01.X0.713.Z0.0175-0085.mod.txt

6 1.985501788377927e+33 6.949994061674802e+10 3.509695866364261e+33 0.02430 0.69828 5.161869940618415e+03 5650.92140
0.118977688565902 M1.00.X0.679.Z0.0332/AIMS/M1.00.X0.679.Z0.0332-0081.mod.txt
0.168215807315255 M1.00.X0.679.Z0.0332/AIMS/M1.00.X0.679.Z0.0332-0082.mod.txt
0.041345490349964 M0.99.X0.679.Z0.0332/AIMS/M0.99.X0.679.Z0.0332-0082.mod.txt
0.104410475354768 M0.99.X0.679.Z0.0332/AIMS/M0.99.X0.679.Z0.0332-0083.mod.txt
0.222726300396593 M1.00.X0.713.Z0.0175/AIMS/M1.00.X0.713.Z0.0175-0084.mod.txt
0.344324238017518 M1.00.X0.713.Z0.0175/AIMS/M1.00.X0.713.Z0.0175-0085.mod.txt

6 1.997341378012848e+33 6.965714436481818e+10 3.450615960222971e+33 0.02657 0.69335 5.150913014204067e+03 5620.63563
0.006599679652348 M1.01.X0.679.Z0.0332/AIMS/M1.01.X0.679.Z0.0332-0077.mod.txt
0.020993500484520 M1.01.X0.679.Z0.0332/AIMS/M1.01.X0.679.Z0.0332-0078.mod.txt
0.245319614273249 M1.00.X0.679.Z0.0332/AIMS/M1.00.X0.679.Z0.0332-0081.mod.txt
0.305003358325400 M1.00.X0.679.Z0.0332/AIMS/M1.00.X0.679.Z0.0332-0082.mod.txt
0.369487191675619 M1.01.X0.713.Z0.0175/AIMS/M1.01.X0.713.Z0.0175-0084.mod.txt
0.052596655588865 M1.01.X0.713.Z0.0175/AIMS/M1.01.X0.713.Z0.0175-0085.mod.txt

6 1.986735440172939e+33 6.951669695772656e+10 3.503496759252002e+33 0.02454 0.69776 5.158054324442101e+03 5647.74367
0.165289858759538 M1.00.X0.679.Z0.0332/AIMS/M1.00.X0.679.Z0.0332-0081.mod.txt
0.199197880443669 M1.00.X0.679.Z0.0332/AIMS/M1.00.X0.679.Z0.0332-0082.mod.txt
0.027017365614763 M0.99.X0.679.Z0.0332/AIMS/M0.99.X0.679.Z0.0332-0082.mod.txt
0.056696164211251 M0.99.X0.679.Z0.0332/AIMS/M0.99.X0.679.Z0.0332-0083.mod.txt
0.239117316672255 M1.00.X0.713.Z0.0175/AIMS/M1.00.X0.713.Z0.0175-0084.mod.txt
0.312681414298524 M1.00.X0.713.Z0.0175/AIMS/M1.00.X0.713.Z0.0175-0085.mod.txt

6 1.998153948942718e+33 6.967112555621344e+10 3.438360765601566e+33 0.02692 0.69261 5.172530247994423e+03 5615.07494
0.016337404909588 M1.01.X0.679.Z0.0332/AIMS/M1.01.X0.679.Z0.0332-0077.mod.txt
0.073922915898032 M1.01.X0.679.Z0.0332/AIMS/M1.01.X0.679.Z0.0332-0078.mod.txt
0.196985577828938 M1.00.X0.679.Z0.0332/AIMS/M1.00.X0.679.Z0.0332-0081.mod.txt
0.312471827988909 M1.00.X0.679.Z0.0332/AIMS/M1.00.X0.679.Z0.0332-0082.mod.txt
0.326097612191406 M1.01.X0.713.Z0.0175/AIMS/M1.01.X0.713.Z0.0175-0084.mod.txt
0.074184661183126 M1.01.X0.713.Z0.0175/AIMS/M1.01.X0.713.Z0.0175-0085.mod.txt

6 1.986491464316130e+33 6.951416313490623e+10 3.503339225449704e+33 0.02452 0.69780 5.163191777939736e+03 5647.78312
0.150840201377708 M1.00.X0.679.Z0.0332/AIMS/M1.00.X0.679.Z0.0332-0081.mod.txt
0.200381777850943 M1.00.X0.679.Z0.0332/AIMS/M1.00.X0.679.Z0.0332-0082.mod.txt
0.028680409369857 M0.99.X0.679.Z0.0332/AIMS/M0.99.X0.679.Z0.0332-0082.mod.txt
0.067303079056487 M0.99.X0.679.Z0.0332/AIMS/M0.99.X0.679.Z0.0332-0083.mod.txt
0.225816640260831 M1.00.X0.713.Z0.0175/AIMS/M1.00.X0.713.Z0.0175-0084.mod.txt
0.326977892084174 M1.00.X0.713.Z0.0175/AIMS/M1.00.X0.713.Z0.0175-0085.mod.txt

6 1.998947713111293e+33 6.967923206733345e+10 3.442130034044281e+33 0.02689 0.69266 5.146867921255526e+03 5616.28643
0.036187320900658 M1.01.X0.679.Z0.0332/AIMS/M1.01.X0.679.Z0.0332-0077.mod.txt
0.092622531988859 M1.01.X0.679.Z0.0332/AIMS/M1.01.X0.679.Z0.0332-0078.mod.txt
0.229231939316753 M1.00.X0.679.Z0.0332/AIMS/M1.00.X0.679.Z0.0332-0081.mod.txt
0.240305723563273 M1.00.X0.679.Z0.0332/AIMS/M1.00.X0.679.Z0.0332-0082.mod.txt
0.369107567271001 M1.01.X0.713.Z0.0175/AIMS/M1.01.X0.713.Z0.0175-0084.mod.txt
0.032544916959457 M1.01.X0.713.Z0.0175/AIMS/M1.01.X0.713.Z0.0175-0085.mod.txt

6 1.988504266376126e+33 6.953873888200668e+10 3.501434302796363e+33 0.02473 0.69735 5.132932866355742e+03 5646.01726
0.265529171144591 M1.00.X0.679.Z0.0332/AIMS/M1.00.X0.679.Z0.0332-0081.mod.txt
0.194903575896281 M1.00.X0.679.Z0.0332/AIMS/M1.00.X0.679.Z0.0332-0082.mod.txt
0.299649965464789 M1.00.X0.713.Z0.0175/AIMS/M1.00.X0.713.Z0.0175-0084.mod.txt
0.234673555039820 M1.00.X0.713.Z0.0175/AIMS/M1.00.X0.713.Z0.0175-0085.mod.txt
0.000051437283360 M1.01.X0.713.Z0.0175/AIMS/M1.01.X0.713.Z0.0175-0083.mod.txt
0.005192295171158 M1.01.X0.713.Z0.0175/AIMS/M1.01.X0.713.Z0.0175-0084.mod.txt

6 1.968160407122567e+33 6.925839594545059e+10 3.646474816788418e+33 0.01991 0.70778 5.051021305128796e+03 5715.13115
0.366611887009482 M0.99.X0.713.Z0.0175/AIMS/M0.99.X0.713.Z0.0175-0083.mod.txt
0.461838671020800 M0.99.X0.713.Z0.0175/AIMS/M0.99.X0.713.Z0.0175-0084.mod.txt
0.132633297841042 M0.99.X0.679.Z0.0332/AIMS/M0.99.X0.679.Z0.0332-0083.mod.txt
0.021032776726072 M0.99.X0.679.Z0.0332/AIMS/M0.99.X0.679.Z0.0332-0084.mod.txt
0.004161847524008 M0.98.X0.713.Z0.0175/AIMS/M0.98.X0.713.Z0.0175-0087.mod.txt
0.013721519878597 M0.98.X0.713.Z0.0175/AIMS/M0.98.X0.713.Z0.0175-0088.mod.txt

6 1.968948969302863e+33 6.926885081777769e+10 3.640588050264044e+33 0.02010 0.70736 5.054993482797683e+03 5712.39203
0.146001330580048 M0.99.X0.679.Z0.0332/AIMS/M0.99.X0.679.Z0.0332-0083.mod.txt
0.019738315970660 M0.99.X0.679.Z0.0332/AIMS/M0.99.X0.679.Z0.0332-0084.mod.txt
0.374717902459500 M0.99.X0.713.Z0.0175/AIMS/M0.99.X0.713.Z0.0175-0083.mod.txt
0.437767692245917 M0.99.X0.713.Z0.0175/AIMS/M0.99.X0.713.Z0.0175-0084.mod.txt
0.021235967616678 M1.00.X0.713.Z0.0175/AIMS/M1.00.X0.713.Z0.0175-0085.mod.txt
0.000538791127197 M1.00.X0.713.Z0.0175/AIMS/M1.00.X0.713.Z0.0175-0086.mod.txt

6 1.995587817408885e+33 6.963363006195325e+10 3.463129337865999e+33 0.02615 0.69426 5.141877553000848e+03 5626.67420
0.264945369006689 M1.00.X0.679.Z0.0332/AIMS/M1.00.X0.679.Z0.0332-0081.mod.txt
0.286282380010496 M1.00.X0.679.Z0.0332/AIMS/M1.00.X0.679.Z0.0332-0082.mod.txt
0.040276616253957 M1.00.X0.713.Z0.0175/AIMS/M1.00.X0.713.Z0.0175-0084.mod.txt
0.047008136796603 M1.00.X0.713.Z0.0175/AIMS/M1.00.X0.713.Z0.0175-0085.mod.txt
0.329389425710528 M1.01.X0.713.Z0.0175/AIMS/M1.01.X0.713.Z0.0175-0084.mod.txt
0.032098072221727 M1.01.X0.713.Z0.0175/AIMS/M1.01.X0.713.Z0.0175-0085.mod.txt

6 1.988498483036445e+33 6.954192202300453e+10 3.491857289456089e+33 0.02494 0.69688 5.161520580340097e+03 5642.02347
0.224680633283267 M1.00.X0.679.Z0.0332/AIMS/M1.00.X0.679.Z0.0332-0081.mod.txt
0.249343331316748 M1.00.X0.679.Z0.0332/AIMS/M1.00.X0.679.Z0.0332-0082.mod.txt
0.236830754791477 M1.00.X0.713.Z0.0175/AIMS/M1.00.X0.713.Z0.0175-0084.mod.txt
0.284192402090836 M1.00.X0.713.Z0.0175/AIMS/M1.00.X0.713.Z0.0175-0085.mod.txt
0.004479209527420 M1.01.X0.713.Z0.0175/AIMS/M1.01.X0.713.Z0.0175-0084.mod.txt
0.000473668990253 M1.01.X0.713.Z0.0175/AIMS/M1.01.X0.713.Z0.0175-0085.mod.txt

6 1.997939491473276e+33 6.966157099073972e+10 3.459737576191514e+33 0.02642 0.69369 5.113564331240917e+03 5624.16774
0.017858782176566 M1.01.X0.679.Z0.0332/AIMS/M1.01.X0.679.Z0.0332-0077.mod.txt
0.029872759014104 M1.01.X0.679.Z0.0332/AIMS/M1.01.X0.679.Z0.0332-0078.mod.txt
0.303265680567929 M1.00.X0.679.Z0.0332/AIMS/M1.00.X0.679.Z0.0332-0081.mod.txt
0.216977154209966 M1.00.X0.679.Z0.0332/AIMS/M1.00.X0.679.Z0.0332-0082.mod.txt
0.006991308039321 M1.01.X0.713.Z0.0175/AIMS/M1.01.X0.713.Z0.0175-0083.mod.txt
0.425034315992114 M1.01.X0.713.Z0.0175/AIMS/M1.01.X0.713.Z0.0175-0084.mod.txt

6 1.985443067079323e+33 6.949445691171021e+10 3.524994749749772e+33 0.02395 0.69902 5.118024777384877e+03 5657.29269
0.149500817685614 M1.00.X0.679.Z0.0332/AIMS/M1.00.X0.679.Z0.0332-0081.mod.txt
0.112831405872709 M1.00.X0.679.Z0.0332/AIMS/M1.00.X0.679.Z0.0332-0082.mod.txt
0.065244908694413 M0.99.X0.679.Z0.0332/AIMS/M0.99.X0.679.Z0.0332-0082.mod.txt
0.083464250462534 M0.99.X0.679.Z0.0332/AIMS/M0.99.X0.679.Z0.0332-0083.mod.txt
0.326144137795640 M1.00.X0.713.Z0.0175/AIMS/M1.00.X0.713.Z0.0175-0084.mod.txt
0.262814479489089 M1.00.X0.713.Z0.0175/AIMS/M1.00.X0.713.Z0.0175-0085.mod.txt

6 1.997760089178958e+33 6.966215821623250e+10 3.448044968935008e+33 0.02666 0.69316 5.150168922900794e+03 5619.38614
0.013615929642486 M1.01.X0.679.Z0.0332/AIMS/M1.01.X0.679.Z0.0332-0077.mod.txt
0.040720279230825 M1.01.X0.679.Z0.0332/AIMS/M1.01.X0.679.Z0.0332-0078.mod.txt
0.242068623098813 M1.00.X0.679.Z0.0332/AIMS/M1.00.X0.679.Z0.0332-0081.mod.txt
0.287196656575372 M1.00.X0.679.Z0.0332/AIMS/M1.00.X0.679.Z0.0332-0082.mod.txt
0.369468664459039 M1.01.X0.713.Z0.0175/AIMS/M1.01.X0.713.Z0.0175-0084.mod.txt
0.046929846993466 M1.01.X0.713.Z0.0175/AIMS/M1.01.X0.713.Z0.0175-0085.mod.txt

6 1.988638785274617e+33 6.954432865424786e+10 3.486496477635894e+33 0.02507 0.69661 5.174555474565415e+03 5639.75918
0.206273651646476 M1.00.X0.679.Z0.0332/AIMS/M1.00.X0.679.Z0.0332-0081.mod.txt
0.275920119529954 M1.00.X0.679.Z0.0332/AIMS/M1.00.X0.679.Z0.0332-0082.mod.txt
0.205733507097546 M1.00.X0.713.Z0.0175/AIMS/M1.00.X0.713.Z0.0175-0084.mod.txt
0.300063806285604 M1.00.X0.713.Z0.0175/AIMS/M1.00.X0.713.Z0.0175-0085.mod.txt
0.010290537042627 M1.01.X0.713.Z0.0175/AIMS/M1.01.X0.713.Z0.0175-0084.mod.txt
0.001718378397793 M1.01.X0.713.Z0.0175/AIMS/M1.01.X0.713.Z0.0175-0085.mod.txt

6 1.992059123499186e+33 6.958696436122063e+10 3.477010123232109e+33 0.02556 0.69555 5.151853249039161e+03 5634.19214
0.245633821126693 M1.00.X0.679.Z0.0332/AIMS/M1.00.X0.679.Z0.0332-0081.mod.txt
0.267534679007539 M1.00.X0.679.Z0.0332/AIMS/M1.00.X0.679.Z0.0332-0082.mod.txt
0.139105764391219 M1.00.X0.713.Z0.0175/AIMS/M1.00.X0.713.Z0.0175-0084.mod.txt
0.163702224149545 M1.00.X0.713.Z0.0175/AIMS/M1.00.X0.713.Z0.0175-0085.mod.txt
0.167308102727840 M1.01.X0.713.Z0.0175/AIMS/M1.01.X0.713.Z0.0175-0084.mod.txt
0.016715408597165 M1.01.X0.713.Z0.0175/AIMS/M1.01.X0.713.Z0.0175-0085.mod.txt

6 1.988510257419501e+33 6.954065258074184e+10 3.493723564513228e+33 0.02490 0.69698 5.155111966633565e+03 5642.82869
0.234810481428166 M1.00.X0.679.Z0.0332/AIMS/M1.00.X0.679.Z0.0332-0081.mod.txt
0.236478781876608 M1.00.X0.679.Z0.0332/AIMS/M1.00.X0.679.Z0.0332-0082.mod.txt
0.250926084052636 M1.00.X0.713.Z0.0175/AIMS/M1.00.X0.713.Z0.0175-0084.mod.txt
0.272239620481021 M1.00.X0.713.Z0.0175/AIMS/M1.00.X0.713.Z0.0175-0085.mod.txt
0.005152812373317 M1.01.X0.713.Z0.0175/AIMS/M1.01.X0.713.Z0.0175-0084.mod.txt
0.000392219788252 M1.01.X0.713.Z0.0175/AIMS/M1.01.X0.713.Z0.0175-0085.mod.txt

6 1.994134874124298e+33 6.961341967551923e+10 3.476413484413074e+33 0.02574 0.69515 5.124570953559662e+03 5632.87976
0.291019270915115 M1.00.X0.679.Z0.0332/AIMS/M1.00.X0.679.Z0.0332-0081.mod.txt
0.233996035686536 M1.00.X0.679.Z0.0332/AIMS/M1.00.X0.679.Z0.0332-0082.mod.txt
0.100306774412059 M1.00.X0.713.Z0.0175/AIMS/M1.00.X0.713.Z0.0175-0084.mod.txt
0.086261396943523 M1.00.X0.713.Z0.0175/AIMS/M1.00.X0.713.Z0.0175-0085.mod.txt
0.284627575310740 M1.01.X0.713.Z0.0175/AIMS/M1.01.X0.713.Z0.0175-0084.mod.txt
0.003788946732026 M1.01.X0.713.Z0.0175/AIMS/M1.01.X0.713.Z0.0175-0085.mod.txt

6 1.988808036585707e+33 6.954699828230811e+10 3.485767552179711e+33 0.02510 0.69654 5.174618427549439e+03 5639.35614
0.205883853088695 M1.00.X0.679.Z0.0332/AIMS/M1.00.X0.679.Z0.0332-0081.mod.txt
0.278296782721370 M1.00.X0.679.Z0.0332/AIMS/M1.00.X0.679.Z0.0332-0082.mod.txt
0.200151139535899 M1.00.X0.713.Z0.0175/AIMS/M1.00.X0.713.Z0.0175-0084.mod.txt
0.295147374437415 M1.00.X0.713.Z0.0175/AIMS/M1.00.X0.713.Z0.0175-0085.mod.txt
0.017530514911480 M1.01.X0.713.Z0.0175/AIMS/M1.01.X0.713.Z0.0175-0084.mod.txt
0.002990335305141 M1.01.X0.713.Z0.0175/AIMS/M1.01.X0.713.Z0.0175-0085.mod.txt

6 1.997795363162109e+33 6.966637038840271e+10 3.435541455255275e+33 0.02695 0.69254 5.186178219829775e+03 5614.11514
0.009781541207448 M1.01.X0.679.Z0.0332/AIMS/M1.01.X0.679.Z0.0332-0077.mod.txt
0.064411708601829 M1.01.X0.679.Z0.0332/AIMS/M1.01.X0.679.Z0.0332-0078.mod.txt
0.177604947359169 M1.00.X0.679.Z0.0332/AIMS/M1.00.X0.679.Z0.0332-0081.mod.txt
0.349886344025415 M1.00.X0.679.Z0.0332/AIMS/M1.00.X0.679.Z0.0332-0082.mod.txt
0.304055880788433 M1.01.X0.713.Z0.0175/AIMS/M1.01.X0.713.Z0.0175-0084.mod.txt
0.094259578017704 M1.01.X0.713.Z0.0175/AIMS/M1.01.X0.713.Z0.0175-0085.mod.txt

6 1.988685284885542e+33 6.954305881985747e+10 3.494291022222861e+33 0.02490 0.69697 5.151311838373675e+03 5642.96017
0.240127500037427 M1.00.X0.679.Z0.0332/AIMS/M1.00.X0.679.Z0.0332-0081.mod.txt
0.231351166900025 M1.00.X0.679.Z0.0332/AIMS/M1.00.X0.679.Z0.0332-0082.mod.txt
0.252505459376754 M1.00.X0.713.Z0.0175/AIMS/M1.00.X0.713.Z0.0175-0084.mod.txt
0.261668414143365 M1.00.X0.713.Z0.0175/AIMS/M1.00.X0.713.Z0.0175-0085.mod.txt
0.013495850932854 M1.01.X0.713.Z0.0175/AIMS/M1.01.X0.713.Z0.0175-0084.mod.txt
0.000851608609576 M1.01.X0.713.Z0.0175/AIMS/M1.01.X0.713.Z0.0175-0085.mod.txt

6 1.994631612655216e+33 6.962324233921843e+10 3.458127253026345e+33 0.02619 0.69419 5.170455515299123e+03 5625.06092
0.214855092332318 M1.00.X0.679.Z0.0332/AIMS/M1.00.X0.679.Z0.0332-0081.mod.txt
0.338483159805574 M1.00.X0.679.Z0.0332/AIMS/M1.00.X0.679.Z0.0332-0082.mod.txt
0.048760461052881 M1.00.X0.713.Z0.0175/AIMS/M1.00.X0.713.Z0.0175-0084.mod.txt
0.084502943658155 M1.00.X0.713.Z0.0175/AIMS/M1.00.X0.713.Z0.0175-0085.mod.txt
0.255841058178629 M1.01.X0.713.Z0.0175/AIMS/M1.01.X0.713.Z0.0175-0084.mod.txt
0.057557284972443 M1.01.X0.713.Z0.0175/AIMS/M1.01.X0.713.Z0.0175-0085.mod.txt

6 1.986627211066140e+33 6.951486762876619e+10 3.506775262061480e+33 0.02446 0.69794 5.150754199033772e+03 5649.13880
0.168628394989792 M1.00.X0.679.Z0.0332/AIMS/M1.00.X0.679.Z0.0332-0081.mod.txt
0.185296016917130 M1.00.X0.679.Z0.0332/AIMS/M1.00.X0.679.Z0.0332-0082.mod.txt
0.030814714314034 M0.99.X0.679.Z0.0332/AIMS/M0.99.X0.679.Z0.0332-0082.mod.txt
0.058341840396269 M0.99.X0.679.Z0.0332/AIMS/M0.99.X0.679.Z0.0332-0083.mod.txt
0.254568717380547 M1.00.X0.713.Z0.0175/AIMS/M1.00.X0.713.Z0.0175-0084.mod.txt
0.302350316002228 M1.00.X0.713.Z0.0175/AIMS/M1.00.X0.713.Z0.0175-0085.mod.txt

6 1.998175509627918e+33 6.967001985526848e+10 3.440295134006495e+33 0.02687 0.69270 5.165789713368549e+03 5615.90907
0.018167594893808 M1.01.X0.679.Z0.0332/AIMS/M1.01.X0.679.Z0.0332-0077.mod.txt
0.070377960849862 M1.01.X0.679.Z0.0332/AIMS/M1.01.X0.679.Z0.0332-0078.mod.txt
0.209055022542239 M1.00.X0.679.Z0.0332/AIMS/M1.00.X0.679.Z0.0332-0081.mod.txt
0.299318059940266 M1.00.X0.679.Z0.0332/AIMS/M1.00.X0.679.Z0.0332-0082.mod.txt
0.338548507701366 M1.01.X0.713.Z0.0175/AIMS/M1.01.X0.713.Z0.0175-0084.mod.txt
0.064532854072460 M1.01.X0.713.Z0.0175/AIMS/M1.01.X0.713.Z0.0175-0085.mod.txt

6 1.988765620001885e+33 6.954538653086060e+10 3.489672834429850e+33 0.02501 0.69673 5.163748183045357e+03 5641.00036
0.222101321227033 M1.00.X0.679.Z0.0332/AIMS/M1.00.X0.679.Z0.0332-0081.mod.txt
0.256333019278158 M1.00.X0.679.Z0.0332/AIMS/M1.00.X0.679.Z0.0332-0082.mod.txt
0.223638505069243 M1.00.X0.713.Z0.0175/AIMS/M1.00.X0.713.Z0.0175-0084.mod.txt
0.279539505970290 M1.00.X0.713.Z0.0175/AIMS/M1.00.X0.713.Z0.0175-0085.mod.txt
0.016444805299563 M1.01.X0.713.Z0.0175/AIMS/M1.01.X0.713.Z0.0175-0084.mod.txt
0.001942843155713 M1.01.X0.713.Z0.0175/AIMS/M1.01.X0.713.Z0.0175-0085.mod.txt

6 1.997803738271260e+33 6.966634245189043e+10 3.437479316591990e+33 0.02690 0.69263 5.180729545508670e+03 5614.90778
0.010734996049875 M1.01.X0.679.Z0.0332/AIMS/M1.01.X0.679.Z0.0332-0077.mod.txt
0.061226246277323 M1.01.X0.679.Z0.0332/AIMS/M1.01.X0.679.Z0.0332-0078.mod.txt
0.186749789100760 M1.00.X0.679.Z0.0332/AIMS/M1.00.X0.679.Z0.0332-0081.mod.txt
0.340320303875474 M1.00.X0.679.Z0.0332/AIMS/M1.00.X0.679.Z0.0332-0082.mod.txt
0.313337579492157 M1.01.X0.713.Z0.0175/AIMS/M1.01.X0.713.Z0.0175-0084.mod.txt
0.087631085204412 M1.01.X0.713.Z0.0175/AIMS/M1.01.X0.713.Z0.0175-0085.mod.txt

6 1.988478339337916e+33 6.954249238394284e+10 3.486471970708535e+33 0.02506 0.69663 5.177028314004991e+03 5639.82373
0.202361012358039 M1.00.X0.679.Z0.0332/AIMS/M1.00.X0.679.Z0.0332-0081.mod.txt
0.279050211576918 M1.00.X0.679.Z0.0332/AIMS/M1.00.X0.679.Z0.0332-0082.mod.txt
0.205377032537525 M1.00.X0.713.Z0.0175/AIMS/M1.00.X0.713.Z0.0175-0084.mod.txt
0.309271925688258 M1.00.X0.713.Z0.0175/AIMS/M1.00.X0.713.Z0.0175-0085.mod.txt
0.003345987035453 M1.01.X0.713.Z0.0175/AIMS/M1.01.X0.713.Z0.0175-0084.mod.txt
0.000593830803807 M1.01.X0.713.Z0.0175/AIMS/M1.01.X0.713.Z0.0175-0085.mod.txt

6 1.992105912229985e+33 6.957324196052995e+10 3.534411059937314e+33 0.02430 0.69828 4.985779041981230e+03 5657.86073
0.031291594327896 M1.00.X0.679.Z0.0332/AIMS/M1.00.X0.679.Z0.0332-0080.mod.txt
0.401602389366964 M1.00.X0.679.Z0.0332/AIMS/M1.00.X0.679.Z0.0332-0081.mod.txt
0.028015508540626 M1.00.X0.713.Z0.0175/AIMS/M1.00.X0.713.Z0.0175-0083.mod.txt
0.352713912009869 M1.00.X0.713.Z0.0175/AIMS/M1.00.X0.713.Z0.0175-0084.mod.txt
0.096306312291007 M1.01.X0.713.Z0.0175/AIMS/M1.01.X0.713.Z0.0175-0083.mod.txt
0.090070283463638 M1.01.X0.713.Z0.0175/AIMS/M1.01.X0.713.Z0.0175-0084.mod.txt

6 1.985693074657498e+33 6.950046373530324e+10 3.517886555374333e+33 0.02413 0.69863 5.135046159713914e+03 5654.19417
0.146838665938576 M1.00.X0.679.Z0.0332/AIMS/M1.00.X0.679.Z0.0332-0081.mod.txt
0.139546898957575 M1.00.X0.679.Z0.0332/AIMS/M1.00.X0.679.Z0.0332-0082.mod.txt
0.051973626937505 M0.99.X0.679.Z0.0332/AIMS/M0.99.X0.679.Z0.0332-0082.mod.txt
0.084162228147070 M0.99.X0.679.Z0.0332/AIMS/M0.99.X0.679.Z0.0332-0083.mod.txt
0.285638925047157 M1.00.X0.713.Z0.0175/AIMS/M1.00.X0.713.Z0.0175-0084.mod.txt
0.291839654972116 M1.00.X0.713.Z0.0175/AIMS/M1.00.X0.713.Z0.0175-0085.mod.txt

6 1.998054478123447e+33 6.966476182255898e+10 3.450171658968201e+33 0.02664 0.69321 5.138392977830872e+03 5620.14740
0.019966997294288 M1.01.X0.679.Z0.0332/AIMS/M1.01.X0.679.Z0.0332-0077.mod.txt
0.047597370921731 M1.01.X0.679.Z0.0332/AIMS/M1.01.X0.679.Z0.0332-0078.mod.txt
0.258790590441235 M1.00.X0.679.Z0.0332/AIMS/M1.00.X0.679.Z0.0332-0081.mod.txt
0.255669371163738 M1.00.X0.679.Z0.0332/AIMS/M1.00.X0.679.Z0.0332-0082.mod.txt
0.390472914377156 M1.01.X0.713.Z0.0175/AIMS/M1.01.X0.713.Z0.0175-0084.mod.txt
0.027502755801851 M1.01.X0.713.Z0.0175/AIMS/M1.01.X0.713.Z0.0175-0085.mod.txt

6 1.988696401294798e+33 6.954399832613426e+10 3.491667781595997e+33 0.02496 0.69684 5.158899954697215e+03 5641.86269
0.229117168834781 M1.00.X0.679.Z0.0332/AIMS/M1.00.X0.679.Z0.0332-0081.mod.txt
0.246138215386296 M1.00.X0.679.Z0.0332/AIMS/M1.00.X0.679.Z0.0332-0082.mod.txt
0.236022433435302 M1.00.X0.713.Z0.0175/AIMS/M1.00.X0.713.Z0.0175-0084.mod.txt
0.273815659772787 M1.00.X0.713.Z0.0175/AIMS/M1.00.X0.713.Z0.0175-0085.mod.txt
0.013605058265048 M1.01.X0.713.Z0.0175/AIMS/M1.01.X0.713.Z0.0175-0084.mod.txt
0.001301464305787 M1.01.X0.713.Z0.0175/AIMS/M1.01.X0.713.Z0.0175-0085.mod.txt

6 1.998378926150943e+33 6.966832221540504e+10 3.454936306361589e+33 0.02656 0.69338 5.119614374984186e+03 5621.94307
0.028566572006511 M1.01.X0.679.Z0.0332/AIMS/M1.01.X0.679.Z0.0332-0077.mod.txt
0.050377582673505 M1.01.X0.679.Z0.0332/AIMS/M1.01.X0.679.Z0.0332-0078.mod.txt
0.284160392510537 M1.00.X0.679.Z0.0332/AIMS/M1.00.X0.679.Z0.0332-0081.mod.txt
0.213982528886423 M1.00.X0.679.Z0.0332/AIMS/M1.00.X0.679.Z0.0332-0082.mod.txt
0.001444851577032 M1.01.X0.713.Z0.0175/AIMS/M1.01.X0.713.Z0.0175-0083.mod.txt
0.421468072345992 M1.01.X0.713.Z0.0175/AIMS/M1.01.X0.713.Z0.0175-0084.mod.txt

6 1.988609588965817e+33 6.954208186589056e+10 3.496135939021068e+33 0.02486 0.69707 5.147396814452245e+03 5643.74451
0.245125163645541 M1.00.X0.679.Z0.0332/AIMS/M1.00.X0.679.Z0.0332-0081.mod.txt
0.223435744391013 M1.00.X0.679.Z0.0332/AIMS/M1.00.X0.679.Z0.0332-0082.mod.txt
0.263264497272214 M1.00.X0.713.Z0.0175/AIMS/M1.00.X0.713.Z0.0175-0084.mod.txt
0.257634011015055 M1.00.X0.713.Z0.0175/AIMS/M1.00.X0.713.Z0.0175-0085.mod.txt
0.010064745548578 M1.01.X0.713.Z0.0175/AIMS/M1.01.X0.713.Z0.0175-0084.mod.txt
0.000475838127599 M1.01.X0.713.Z0.0175/AIMS/M1.01.X0.713.Z0.0175-0085.mod.txt

6 1.998765967434177e+33 6.967610829961891e+10 3.442621937998092e+33 0.02687 0.69272 5.148030653771103e+03 5616.61297
0.032451868295664 M1.01.X0.679.Z0.0332/AIMS/M1.01.X0.679.Z0.0332-0077.mod.txt
0.085438508285750 M1.01.X0.679.Z0.0332/AIMS/M1.01.X0.679.Z0.0332-0078.mod.txt
0.230938993691934 M1.00.X0.679.Z0.0332/AIMS/M1.00.X0.679.Z0.0332-0081.mod.txt
0.247738966769881 M1.00.X0.679.Z0.0332/AIMS/M1.00.X0.679.Z0.0332-0082.mod.txt
0.368357440360596 M1.01.X0.713.Z0.0175/AIMS/M1.01.X0.713.Z0.0175-0084.mod.txt
0.035074222596175 M1.01.X0.713.Z0.0175/AIMS/M1.01.X0.713.Z0.0175-0085.mod.txt

6 1.987776098810510e+33 6.953219440701555e+10 3.492970331375129e+33 0.02486 0.69707 5.170251658070796e+03 5642.86770
0.188870062195946 M1.00.X0.679.Z0.0332/AIMS/M1.00.X0.679.Z0.0332-0081.mod.txt
0.248286321532536 M1.00.X0.679.Z0.0332/AIMS/M1.00.X0.679.Z0.0332-0082.mod.txt
0.009455993725109 M0.99.X0.679.Z0.0332/AIMS/M0.99.X0.679.Z0.0332-0082.mod.txt
0.021921052618164 M0.99.X0.679.Z0.0332/AIMS/M0.99.X0.679.Z0.0332-0083.mod.txt
0.218517040054249 M1.00.X0.713.Z0.0175/AIMS/M1.00.X0.713.Z0.0175-0084.mod.txt
0.312949529873996 M1.00.X0.713.Z0.0175/AIMS/M1.00.X0.713.Z0.0175-0085.mod.txt

6 1.995947429573896e+33 6.966420967435693e+10 3.370538397376755e+33 0.02827 0.68967 5.414543561838405e+03 5587.45545
0.023025839216409 M1.01.X0.679.Z0.0332/AIMS/M1.01.X0.679.Z0.0332-0078.mod.txt
0.042742508646013 M1.01.X0.679.Z0.0332/AIMS/M1.01.X0.679.Z0.0332-0079.mod.txt
0.337352798489850 M1.00.X0.679.Z0.0332/AIMS/M1.00.X0.679.Z0.0332-0082.mod.txt
0.283074199403125 M1.00.X0.679.Z0.0332/AIMS/M1.00.X0.679.Z0.0332-0083.mod.txt
0.298551993797496 M1.01.X0.713.Z0.0175/AIMS/M1.01.X0.713.Z0.0175-0085.mod.txt
0.015252660447106 M1.01.X0.713.Z0.0175/AIMS/M1.01.X0.713.Z0.0175-0086.mod.txt

6 1.988654788488993e+33 6.954561702363219e+10 3.484025082578498e+33 0.02513 0.69648 5.181947438497680e+03 5638.70725
0.194679508823960 M1.00.X0.679.Z0.0332/AIMS/M1.00.X0.679.Z0.0332-0081.mod.txt
0.291167966192793 M1.00.X0.679.Z0.0332/AIMS/M1.00.X0.679.Z0.0332-0082.mod.txt
0.189874865681832 M1.00.X0.713.Z0.0175/AIMS/M1.00.X0.713.Z0.0175-0084.mod.txt
0.311463915135574 M1.00.X0.713.Z0.0175/AIMS/M1.00.X0.713.Z0.0175-0085.mod.txt
0.010623787345535 M1.01.X0.713.Z0.0175/AIMS/M1.01.X0.713.Z0.0175-0084.mod.txt
0.002189956820306 M1.01.X0.713.Z0.0175/AIMS/M1.01.X0.713.Z0.0175-0085.mod.txt

6 1.997779220876820e+33 6.966225561087704e+10 3.447081633521630e+33 0.02668 0.69311 5.152270582065803e+03 5618.98968
0.013875858290652 M1.01.X0.679.Z0.0332/AIMS/M1.01.X0.679.Z0.0332-0077.mod.txt
0.042822444623405 M1.01.X0.679.Z0.0332/AIMS/M1.01.X0.679.Z0.0332-0078.mod.txt
0.238485168197927 M1.00.X0.679.Z0.0332/AIMS/M1.00.X0.679.Z0.0332-0081.mod.txt
0.289817946023523 M1.00.X0.679.Z0.0332/AIMS/M1.00.X0.679.Z0.0332-0082.mod.txt
0.365690337566286 M1.01.X0.713.Z0.0175/AIMS/M1.01.X0.713.Z0.0175-0084.mod.txt
0.049308245298205 M1.01.X0.713.Z0.0175/AIMS/M1.01.X0.713.Z0.0175-0085.mod.txt

6 1.988096369482143e+33 6.953632808535452e+10 3.492382461510391e+33 0.02490 0.69698 5.166328929373739e+03 5642.46254
0.206250315788565 M1.00.X0.679.Z0.0332/AIMS/M1.00.X0.679.Z0.0332-0081.mod.txt
0.249546476043040 M1.00.X0.679.Z0.0332/AIMS/M1.00.X0.679.Z0.0332-0082.mod.txt
0.004913288455487 M0.99.X0.679.Z0.0332/AIMS/M0.99.X0.679.Z0.0332-0082.mod.txt
0.010356803973423 M0.99.X0.679.Z0.0332/AIMS/M0.99.X0.679.Z0.0332-0083.mod.txt
0.228672236018623 M1.00.X0.713.Z0.0175/AIMS/M1.00.X0.713.Z0.0175-0084.mod.txt
0.300260879720862 M1.00.X0.713.Z0.0175/AIMS/M1.00.X0.713.Z0.0175-0085.mod.txt

6 1.997766621757882e+33 6.966657374303307e+10 3.433858776230799e+33 0.02698 0.69247 5.191683230935832e+03 5613.41940
0.008480848383377 M1.01.X0.679.Z0.0332/AIMS/M1.01.X0.679.Z0.0332-0077.mod.txt
0.066539620564337 M1.01.X0.679.Z0.0332/AIMS/M1.01.X0.679.Z0.0332-0078.mod.txt
0.167991207463440 M1.00.X0.679.Z0.0332/AIMS/M1.00.X0.679.Z0.0332-0081.mod.txt
0.360945537764785 M1.00.X0.679.Z0.0332/AIMS/M1.00.X0.679.Z0.0332-0082.mod.txt
0.294553275525246 M1.01.X0.713.Z0.0175/AIMS/M1.01.X0.713.Z0.0175-0084.mod.txt
0.101489510298816 M1.01.X0.713.Z0.0175/AIMS/M1.01.X0.713.Z0.0175-0085.mod.txt

6 1.987956021487940e+33 6.953465204231888e+10 3.493106664060525e+33 0.02487 0.69704 5.166909257431475e+03 5642.82304
0.199864549322290 M1.00.X0.679.Z0.0332/AIMS/M1.00.X0.679.Z0.0332-0081.mod.txt
0.247151883463932 M1.00.X0.679.Z0.0332/AIMS/M1.00.X0.679.Z0.0332-0082.mod.txt
0.007064276179413 M0.99.X0.679.Z0.0332/AIMS/M0.99.X0.679.Z0.0332-0082.mod.txt
0.015264154320461 M0.99.X0.679.Z0.0332/AIMS/M0.99.X0.679.Z0.0332-0083.mod.txt
0.226453865352399 M1.00.X0.713.Z0.0175/AIMS/M1.00.X0.713.Z0.0175-0084.mod.txt
0.304201271361505 M1.00.X0.713.Z0.0175/AIMS/M1.00.X0.713.Z0.0175-0085.mod.txt

6 1.997591585458835e+33 6.966288238801390e+10 3.441205550073643e+33 0.02680 0.69285 5.173822725730344e+03 5616.56828
0.009217467546426 M1.01.X0.679.Z0.0332/AIMS/M1.01.X0.679.Z0.0332-0077.mod.txt
0.045684812672328 M1.01.X0.679.Z0.0332/AIMS/M1.01.X0.679.Z0.0332-0078.mod.txt
0.200754748816788 M1.00.X0.679.Z0.0332/AIMS/M1.00.X0.679.Z0.0332-0081.mod.txt
0.336984868019087 M1.00.X0.679.Z0.0332/AIMS/M1.00.X0.679.Z0.0332-0082.mod.txt
0.326286102116327 M1.01.X0.713.Z0.0175/AIMS/M1.01.X0.713.Z0.0175-0084.mod.txt
0.081072000829044 M1.01.X0.713.Z0.0175/AIMS/M1.01.X0.713.Z0.0175-0085.mod.txt

6 1.988689049446082e+33 6.954449411111301e+10 3.490295168197125e+33 0.02499 0.69678 5.163206413770423e+03 5641.28803
0.222612074908298 M1.00.X0.679.Z0.0332/AIMS/M1.00.X0.679.Z0.0332-0081.mod.txt
0.254581143103809 M1.00.X0.679.Z0.0332/AIMS/M1.00.X0.679.Z0.0332-0082.mod.txt
0.227099294970320 M1.00.X0.713.Z0.0175/AIMS/M1.00.X0.713.Z0.0175-0084.mod.txt
0.281170701356627 M1.00.X0.713.Z0.0175/AIMS/M1.00.X0.713.Z0.0175-0085.mod.txt
0.013034833998098 M1.01.X0.713.Z0.0175/AIMS/M1.01.X0.713.Z0.0175-0084.mod.txt
0.001501951662848 M1.01.X0.713.Z0.0175/AIMS/M1.01.X0.713.Z0.0175-0085.mod.txt

