
################################################################################
############################   Model: statistical   ############################
################################################################################
ln(P)                                   -2.447136586550356e+04
Mass                                     9.994155983609506e-01
log_Z                                   -1.629967504810450e+00
Age                                      5.166364077625692e+03
A3_surf                                 -3.289165253014752e-16
Am1_surf                                -7.522365519816040e-09
Radius                                   9.994856732859708e-01
Mass                                     9.994155983609508e-01
log_g                                    4.438251941228470e+00
Rho                                      1.411125170891697e+00
Age                                      5.166364077625693e+03
Teff                                     5.645919321964987e+03
X                                        6.974738919905737e-01
numax                                    3.139861680651658e+03
Dnu                                      1.377774415793943e+02
Luminosity                               9.145078700934890e-01
Fe_H                                     1.612370760487619e-01
M_H                                      1.612370760487619e-01

################################################################################
################################   Frequencies   ###############################
################################################################################
l    n    freq_theo         freq+surf. corr.  freq_obs          dfreq_obs        
   0   15  2.2299230856e+03  2.2282088825e+03  2.2287490000e+03  1.4000000000e-02
   0   16  2.3650784118e+03  2.3625670219e+03  2.3627880000e+03  1.6000000000e-02
   0   17  2.4992065410e+03  2.4957441775e+03  2.4961800000e+03  1.7000000000e-02
   0   18  2.6334543415e+03  2.6290349312e+03  2.6296680000e+03  1.5000000000e-02
   0   19  2.7685039733e+03  2.7631400476e+03  2.7641420000e+03  1.5000000000e-02
   0   20  2.9044586473e+03  2.8980523786e+03  2.8990220000e+03  1.3000000000e-02
   0   21  3.0407826811e+03  3.0331780097e+03  3.0337540000e+03  1.4000000000e-02
   0   22  3.1770944864e+03  3.1681204336e+03  3.1686180000e+03  1.7000000000e-02
   0   23  3.3136194007e+03  3.3031968688e+03  3.3035200000e+03  2.1000000000e-02
   0   24  3.4503326643e+03  3.4384315741e+03  3.4389920000e+03  3.0000000000e-02
   0   25  3.5875342987e+03  3.5740167000e+03  3.5748930000e+03  4.8000000000e-02
   0   26  3.7251350809e+03  3.7098103859e+03  3.7107170000e+03  8.8000000000e-02
   0   27  3.8628674491e+03  3.8454224143e+03  3.8469930000e+03  1.7700000000e-01
   1   15  2.2935683079e+03  2.2915026324e+03  2.2919930000e+03  1.5000000000e-02
   1   16  2.4283955157e+03  2.4254405091e+03  2.4255950000e+03  1.5000000000e-02
   1   17  2.5625859835e+03  2.5586628280e+03  2.5591620000e+03  1.5000000000e-02
   1   18  2.6973504857e+03  2.6924768668e+03  2.6933470000e+03  1.4000000000e-02
   1   19  2.8331033088e+03  2.8272567893e+03  2.8281500000e+03  1.4000000000e-02
   1   20  2.9693723471e+03  2.9624101316e+03  2.9633220000e+03  1.4000000000e-02
   1   21  3.1059407931e+03  3.0976825344e+03  3.0981400000e+03  1.5000000000e-02
   1   22  3.2424485065e+03  3.2327857123e+03  3.2331390000e+03  1.8000000000e-02
   1   23  3.3791214562e+03  3.3679792984e+03  3.3684690000e+03  2.3000000000e-02
   1   24  3.5162725124e+03  3.5036060447e+03  3.5041290000e+03  3.0000000000e-02
   1   25  3.6536963664e+03  3.6393391045e+03  3.6404750000e+03  3.8000000000e-02
   1   26  3.7915158983e+03  3.7751850469e+03  3.7770670000e+03  5.2000000000e-02
   1   27  3.9295070870e+03  3.9109121163e+03  3.9135700000e+03  6.8000000000e-02
   2   15  2.3544080330e+03  2.3519608058e+03  2.3522220000e+03  1.7000000000e-02
   2   16  2.4889195621e+03  2.4855228357e+03  2.4858730000e+03  1.9000000000e-02
   2   17  2.6234445891e+03  2.6190846681e+03  2.6196680000e+03  1.8000000000e-02
   2   18  2.7587451811e+03  2.7534369140e+03  2.7544390000e+03  1.7000000000e-02
   2   19  2.8949970803e+03  2.8886527909e+03  2.8895780000e+03  1.8000000000e-02
   2   20  3.0316099844e+03  3.0240748028e+03  3.0246890000e+03  1.8000000000e-02
   2   21  3.1682429178e+03  3.1593390657e+03  3.1598210000e+03  2.0000000000e-02
   2   22  3.3050541476e+03  3.2947028179e+03  3.2950630000e+03  2.5000000000e-02
   2   23  3.4420152501e+03  3.4301810528e+03  3.4307480000e+03  3.4000000000e-02
   2   24  3.5794826134e+03  3.5660372331e+03  3.5669490000e+03  4.4000000000e-02
   2   25  3.7173120358e+03  3.7020717167e+03  3.7030440000e+03  6.7000000000e-02
   2   26  3.8552842074e+03  3.8379313374e+03  3.8397170000e+03  1.4400000000e-01
   2   27  3.9935790319e+03  3.9737501270e+03  3.9769300000e+03  2.9800000000e-01
