# ln(P)                  Mass, $M/M_{\odot}$    Metallicity, $\log_{10}\left(Z_0\right)$ Mass of He core, $M_{He-core}/M_{\odot}$ $A_3^{\mathrm{surf}}$  $A_{-1}^{\mathrm{surf}}$ Radius, $R/R_{\odot}$  Mass, $M/M_{\odot}$    Surface gravity (in cm.s$^{-2}$), $\log_{10}\left(g\right)$ Density (in g.cm$^{-3}$), $\rho$ Age (in Myrs), $t$     $T_{\mathrm{eff}}$ (in K) Central hydrogen, $X_c$ Luminosity, $L/L_{\odot}$ Large separation (in $\mu$Hz), $\Delta \nu$ $\nu_{\mathrm{max}}$ (in $\mu$Hz) Iron content, $\mathrm{[Fe/H]}$
  -2.516179587433144e+02  1.400562452477357e+00 -1.953687448483252e+00  3.464779217358451e+32  5.125088641618082e-11 -4.563731057871446e-06  1.096868645734652e+01  1.400562452477357e+00  2.504060861957799e+00  1.496250191364977e-03  3.061482667559137e+03  4.635218237447192e+03  4.951232884642573e-34  5.003618709755624e+01  4.085495694278548e+00  4.014091853183995e+01 -2.012229015190200e-01
  -2.491789810934674e+02  1.411401014241262e+00 -2.044886217647492e+00  3.464779217358451e+32  5.290913672865452e-11 -4.685746863192944e-06  1.099677121224362e+01  1.411401014241262e+00  2.505187673105661e+00  1.496306156039771e-03  2.787398832059825e+03  4.687193333603425e+03  4.826838940874969e-34  5.258635348117694e+01  4.086061031466152e+00  4.002144608884514e+01 -2.954739767234256e-01
  -2.510414096221965e+02  1.411538486137537e+00 -2.042730317597894e+00  3.464779217358451e+32  4.929172103105877e-11 -4.469403688324671e-06  1.100663906191504e+01  1.411538486137537e+00  2.504450901091186e+00  1.492430635532847e-03  2.791097072318769e+03  4.685670104020222e+03  4.834001910358036e-34  5.261240922991701e+01  4.080565566140117e+00  3.996010163758087e+01 -2.930086653609500e-01
  -2.536518044598810e+02  1.410021083212670e+00 -2.038005270741448e+00  3.464779217358451e+32  6.455499761092552e-11 -5.161840527310326e-06  1.097974998373330e+01  1.410021083212670e+00  2.506108331581738e+00  1.501806085386744e-03  2.810983815888269e+03  4.683681556793837e+03  4.824653907421775e-34  5.226707427113107e+01  4.093785361985871e+00  4.012141018204355e+01 -2.876512990494703e-01
  -2.526018262243163e+02  1.408787158739062e+00 -2.021924022067292e+00  3.464779217358451e+32  5.465452047068892e-11 -4.624727985808637e-06  1.099283309931465e+01  1.408787158739062e+00  2.504693743031811e+00  1.495140783343749e-03  2.854685773557702e+03  4.674022462848861e+03  4.854155813922925e-34  5.196015057008837e+01  4.084279219058724e+00  4.003223918522515e+01 -2.698717299697779e-01
  -2.494361568106255e+02  1.409720814353657e+00 -2.033728220517463e+00  3.464779217358451e+32  6.081049694392027e-11 -4.947098594385150e-06  1.098399390027828e+01  1.409720814353657e+00  2.505680173218031e+00  1.499746542560446e-03  2.822402405316374e+03  4.681090492204435e+03  4.832713196605934e-34  5.219173950537025e+01  4.090851770566668e+00  4.009296660717649e+01 -2.828551193765592e-01
  -2.519331215437107e+02  1.401567746499580e+00 -1.962165338723931e+00  3.464779217358451e+32  5.411763218510580e-11 -4.617005025166058e-06  1.097111544237709e+01  1.401567746499580e+00  2.504180152193440e+00  1.496329873631089e-03  3.035899361192909e+03  4.640052143459615e+03  4.939014321018984e-34  5.026716895032476e+01  4.085652188211110e+00  4.013102562537738e+01 -2.092194466042654e-01
  -2.489927184789069e+02  1.410615437892069e+00 -2.041612857992537e+00  3.464779217358451e+32  5.996195239480957e-11 -4.972426652871313e-06  1.098524462243830e+01  1.410615437892070e+00  2.505856795013074e+00  1.500185770884171e-03  2.799210760621758e+03  4.685619876630613e+03  4.823324923691376e-34  5.240593296418740e+01  4.091522450387430e+00  4.008988456910250e+01 -2.917360153823633e-01
  -2.490033142285833e+02  1.411342259362932e+00 -2.044550266858824e+00  3.464779217358451e+32  5.343135977682078e-11 -4.701271093024585e-06  1.099616919424987e+01  1.411342259362932e+00  2.505217145772288e+00  1.496489629084365e-03  2.788474824278289e+03  4.687015715917633e+03  4.826794800997877e-34  5.257264004823946e+01  4.086318396883557e+00  4.002492053371998e+01 -2.950889396775971e-01
  -2.504599888968540e+02  1.408684630944053e+00 -2.023056025833475e+00  3.464779217358451e+32  5.968889287560181e-11 -4.865109940386728e-06  1.098694207741101e+01  1.408684630944053e+00  2.505127733722157e+00  1.497438097028721e-03  2.852954155739097e+03  4.674840625619666e+03  4.850273881696242e-34  5.194106173137301e+01  4.087531135897741e+00  4.006875665849899e+01 -2.711010731255778e-01
  -2.497483252745477e+02  1.409594846012124e+00 -2.027496909253188e+00  3.464779217358451e+32  5.335162111310528e-11 -4.623973836437629e-06  1.099848332268576e+01  1.409594846012124e+00  2.504496329137533e+00  1.493693557296768e-03  2.836836396311874e+03  4.677087082863535e+03  4.847519997889563e-34  5.215039015259040e+01  4.082261808279170e+00  4.000093460075610e+01 -2.759557430994504e-01
  -2.485034122117160e+02  1.410932123011301e+00 -2.040661274573092e+00  3.464779217358451e+32  5.523127860121439e-11 -4.730432624186588e-06  1.099639367209525e+01  1.410932123011301e+00  2.505073190009125e+00  1.495963130409579e-03  2.799247698018657e+03  4.684758759076599e+03  4.830191535678946e-34  5.247373853702877e+01  4.085550614387221e+00  4.002129262044181e+01 -2.906550493076011e-01
  -2.510968417007950e+02  1.408941514249783e+00 -2.022837588187501e+00  3.464779217358451e+32  5.261372670045028e-11 -4.578129953711165e-06  1.099433802179864e+01  1.408941514249783e+00  2.504622422460753e+00  1.494690645323543e-03  2.851603723478848e+03  4.674508810795564e+03  4.853276651037251e-34  5.199603751330748e+01  4.083647562224747e+00  4.002358332240880e+01 -2.708635968902272e-01
  -2.531087332519913e+02  1.403988717747665e+00 -1.983148272962054e+00  3.464779217358451e+32  5.247905702338013e-11 -4.692565206774457e-06  1.097568239916471e+01  1.403988717747665e+00  2.504568182181898e+00  1.497044223968147e-03  2.973066702432209e+03  4.652073318730174e+03  4.908134872868830e-34  5.083137474630366e+01  4.086776621088445e+00  4.011496745750792e+01 -2.296236431735784e-01
  -2.492641904126069e+02  1.410275597439866e+00 -2.038575401468291e+00  3.464779217358451e+32  6.132443330376768e-11 -4.981482057621011e-06  1.098488617911525e+01  1.410275597439867e+00  2.505780495834761e+00  1.499971176719820e-03  2.808016356775220e+03  4.683869921711700e+03  4.826465366303047e-34  5.232435700962792e+01  4.091199527967351e+00  4.009032901947339e+01 -2.882944241250157e-01
  -2.490130464693999e+02  1.410613034380999e+00 -2.040899819086977e+00  3.464779217358451e+32  6.048388171809281e-11 -4.943892704882698e-06  1.098721819473903e+01  1.410613034380999e+00  2.505700021257558e+00  1.499374951499939e-03  2.800732229080406e+03  4.685152219035115e+03  4.825001198539172e-34  5.240385059336812e+01  4.090373110616147e+00  4.007741539029282e+01 -2.909257890194691e-01
  -2.490497337400750e+02  1.409023598151608e+00 -2.024429468615197e+00  3.464779217358451e+32  5.468720298435734e-11 -4.711809366832236e-06  1.099202425125948e+01  1.409023598151608e+00  2.504830538143561e+00  1.495721855118554e-03  2.847561108630573e+03  4.675493197587927e+03  4.849968380825217e-34  5.201813052089003e+01  4.085113376974413e+00  4.003855182233361e+01 -2.725970325375270e-01
  -2.500613803103923e+02  1.409870540373262e+00 -2.030563582709421e+00  3.464779217358451e+32  5.363983885520115e-11 -4.679571523891515e-06  1.099714248011409e+01  1.409870540373262e+00  2.504687159449578e+00  1.494532235791770e-03  2.828213731547343e+03  4.678896845790341e+03  4.842264268771726e-34  5.221870914051911e+01  4.083464151310090e+00  4.001077481251372e+01 -2.793382771816330e-01
  -2.508988852193670e+02  1.405770253254430e+00 -1.996709646830767e+00  3.464779217358451e+32  5.257106493275557e-11 -4.646351478779630e-06  1.098439019288690e+01  1.405770253254430e+00  2.504430072988096e+00  1.495381834017999e-03  2.930925866525149e+03  4.659676078270003e+03  4.890238550196650e-34  5.124558218210238e+01  4.084497214438376e+00  4.006948371969462e+01 -2.433051739929175e-01
  -2.503904801570213e+02  1.407605885008835e+00 -2.016322776170627e+00  3.464779217358451e+32  5.971782889598391e-11 -4.899463119531251e-06  1.097742150508675e+01  1.407605885008835e+00  2.505548020460854e+00  1.500187903814847e-03  2.875251033546927e+03  4.671213254955960e+03  4.857313423840034e-34  5.169010307416288e+01  4.091379009903567e+00  4.012312128570307e+01 -2.638366143103497e-01
  -2.509811911228017e+02  1.411638506294748e+00 -2.042116470462560e+00  3.464779217358451e+32  4.781374958811662e-11 -4.417597799143018e-06  1.101109005074284e+01  1.411638506294748e+00  2.504130494860362e+00  1.490727145017039e-03  2.791770776957380e+03  4.685190798656397e+03  4.836922451549638e-34  5.263345767355028e+01  4.078150122212601e+00  3.993267388465758e+01 -2.923091322682299e-01
  -2.487433968977826e+02  1.409512878326281e+00 -2.031212906921858e+00  3.464779217358451e+32  5.781620978635766e-11 -4.872335384783802e-06  1.098566818922079e+01  1.409512878326281e+00  2.505483720549746e+00  1.498839819165714e-03  2.829344837101081e+03  4.679590201146942e+03  4.837196904143463e-34  5.214068895156189e+01  4.089556438717498e+00  4.008125823870925e+01 -2.800576793430814e-01
  -2.502285097410438e+02  1.409774902702551e+00 -2.034659827118654e+00  3.464779217358451e+32  5.949035564400084e-11 -4.979932226738592e-06  1.098276458191537e+01  1.409774902702551e+00  2.505794053072562e+00  1.500307767794457e-03  2.819994143890771e+03  4.681663249779400e+03  4.830834632816239e-34  5.220562126174461e+01  4.091649806972656e+00  4.010102786803651e+01 -2.838955490488656e-01
  -2.545898705830952e+02  1.400387631435458e+00 -1.949550501571920e+00  3.464779217358451e+32  4.530985724039054e-11 -4.362004812366521e-06  1.097519018001197e+01  1.400387631435458e+00  2.503491784524639e+00  1.493405372148119e-03  3.072022673663056e+03  4.632645726267890e+03  4.960867881322083e-34  4.998460370668307e+01  4.081463201160380e+00  4.009948335684119e+01 -1.970905141658614e-01
  -2.509461648160774e+02  1.407406786717080e+00 -2.008776532660263e+00  3.464779217358451e+32  5.033646864247322e-11 -4.547878207426431e-06  1.099352508282864e+01  1.407406786717080e+00  2.504213324883350e+00  1.493393760526399e-03  2.893068487256328e+03  4.666401841555071e+03  4.874802306272068e-34  5.162794801336240e+01  4.081745850426199e+00  4.002061838404052e+01 -2.558286841704792e-01
  -2.523989274622287e+02  1.411787544207701e+00 -2.041916796246015e+00  3.464779217358451e+32  4.625348826093915e-11 -4.332064829373071e-06  1.101566773775175e+01  1.411787544207701e+00  2.503815317244406e+00  1.489026642752362e-03  2.791263896266149e+03  4.684947539780691e+03  4.839558507817829e-34  5.266631501712141e+01  4.075740054638803e+00  3.990474028335117e+01 -2.920818151599873e-01
  -2.510953175487024e+02  1.409578266205386e+00 -2.035795405690766e+00  3.464779217358451e+32  6.406191193823724e-11 -5.159261431187998e-06  1.097428617435823e+01  1.409578266205386e+00  2.506404260070593e+00  1.503577985114147e-03  2.818925119216704e+03  4.682557585069004e+03  4.826048990385084e-34  5.216485485831635e+01  4.096271893422689e+00  4.015357648733906e+01 -2.851669672918733e-01
  -2.502776212604819e+02  1.405353202589369e+00 -1.996138575033903e+00  3.464779217358451e+32  5.562891382866118e-11 -4.797378581416504e-06  1.097503113311709e+01  1.405353202589369e+00  2.505041593150382e+00  1.498765927825981e-03  2.935128385703462e+03  4.659608102096023e+03  4.887741080038258e-34  5.115541078943757e+01  4.089276562790445e+00  4.012623707305641e+01 -2.427208150152688e-01
  -2.510088866941898e+02  1.406710925177779e+00 -2.010089093131281e+00  3.464779217358451e+32  6.293260618478728e-11 -5.030019693464665e-06  1.097137423335180e+01  1.406710925177779e+00  2.505750429463226e+00  1.501714518842332e-03  2.895157170071089e+03  4.667777756413556e+03  4.864816842951429e-34  5.148121974514203e+01  4.093501872587074e+00  4.015659511991568e+01 -2.572116069934914e-01
  -2.496542272927833e+02  1.407248622341222e+00 -2.011190643517226e+00  3.464779217358451e+32  5.804613413489020e-11 -4.812992370935149e-06  1.098247867615983e+01  1.407248622341222e+00  2.505037721995550e+00  1.497736220023932e-03  2.888943899209267e+03  4.668105258573338e+03  4.867098638284700e-34  5.159980843083516e+01  4.087893002630473e+00  4.008934304010682e+01 -2.583754130229760e-01
  -2.512192264123627e+02  1.404417893392577e+00 -1.987741403410557e+00  3.464779217358451e+32  5.352541253673618e-11 -4.674338172611232e-06  1.097403721362323e+01  1.404417893392577e+00  2.504831124149595e+00  1.498175445271479e-03  2.960029827449239e+03  4.654777229020162e+03  4.900417555147949e-34  5.093434844464497e+01  4.088398893018061e+00  4.012760234066436e+01 -2.342123603202147e-01
  -2.494601459052863e+02  1.409913951952484e+00 -2.036034039052470e+00  3.464779217358451e+32  6.134032365858924e-11 -5.011229545238445e-06  1.098253463848073e+01  1.409913951952484e+00  2.505855072019144e+00  1.500549994465948e-03  2.816020546306289e+03  4.682463898807768e+03  4.828626881817556e-34  5.223919652551695e+01  4.092000062162656e+00  4.010323346882704e+01 -2.854345937257063e-01
  -2.493286699454979e+02  1.410029427938909e+00 -2.032826616195954e+00  3.464779217358451e+32  5.474593831888739e-11 -4.731485551769923e-06  1.099485333235549e+01  1.410029427938910e+00  2.504916923111171e+00  1.495634456733941e-03  2.822176977163487e+03  4.680267627867053e+03  4.838061886898310e-34  5.225823281460944e+01  4.085035933306555e+00  4.002608531262562e+01 -2.818504317099050e-01
  -2.491548564433204e+02  1.411421563651915e+00 -2.042854562267959e+00  3.464779217358451e+32  5.156312553690998e-11 -4.586673325697998e-06  1.100315462612328e+01  1.411421563651915e+00  2.504689943325087e+00  1.493725195258756e-03  2.791563253498529e+03  4.685839278455876e+03  4.832011640508252e-34  5.258668763354031e+01  4.082398370429164e+00  3.998138058432153e+01 -2.931503828164297e-01
  -2.519429978268997e+02  1.404250718962540e+00 -1.989614490462559e+00  3.464779217358451e+32  6.263694930696672e-11 -5.033155802255965e-06  1.096439641784568e+01  1.404250718962540e+00  2.505542823988008e+00  1.501952071355806e-03  2.957142244736448e+03  4.656132177306723e+03  4.894017780581874e-34  5.090419289308227e+01  4.093741161350753e+00  4.018756671013347e+01 -2.360967699760479e-01
  -2.500704667642049e+02  1.406162818689179e+00 -2.004824953126906e+00  3.464779217358451e+32  5.888628325519911e-11 -4.927373342192253e-06  1.097178787487359e+01  1.406162818689179e+00  2.505548432504558e+00  1.500959622012712e-03  2.910493257202331e+03  4.664722401828833e+03  4.873127075439680e-34  5.135021801528571e+01  4.092412134547385e+00  4.015106487230138e+01 -2.516900936103619e-01
  -2.518330684397596e+02  1.410758503403831e+00 -2.039835816564870e+00  3.464779217358451e+32  5.095745861359192e-11 -4.676612519860383e-06  1.099413414268066e+01  1.410758503403831e+00  2.505198240671981e+00  1.496701480662468e-03  2.802073770035381e+03  4.684343971162934e+03  4.829659708887377e-34  5.243364181418888e+01  4.086589406350846e+00  4.003459037021880e+01 -2.897194118795247e-01
  -2.507158702961069e+02  1.410150969336356e+00 -2.030405924174645e+00  3.464779217358451e+32  4.924539856566248e-11 -4.450563986411399e-06  1.100499250323142e+01  1.410150969336356e+00  2.504153735418728e+00  1.491632933898300e-03  2.826610975545354e+03  4.678588134091718e+03  4.845843373356450e-34  5.227926819685720e+01  4.079362610032870e+00  3.996297996965824e+01 -2.791637729260905e-01
  -2.518275491887463e+02  1.404342003919501e+00 -1.986568281687010e+00  3.464779217358451e+32  5.594012677037586e-11 -4.699963830574189e-06  1.097534327750443e+01  1.404342003919501e+00  2.504704287789954e+00  1.497559734206406e-03  2.963120122363204e+03  4.654061764218481e+03  4.902709187760530e-34  5.091515541794161e+01  4.087522910159667e+00  4.011896809618206e+01 -2.330360386877635e-01
  -2.522178408250957e+02  1.408912848373855e+00 -2.019027679441928e+00  3.464779217358451e+32  4.634328974336915e-11 -4.378794208961114e-06  1.100437832724838e+01  1.408912848373855e+00  2.503820731081908e+00  1.490572818824899e-03  2.860087730164152e+03  4.672029420009093e+03  4.862789338782342e-34  5.198008577089725e+01  4.077803613716797e+00  3.996036846274650e+01 -2.667411785486194e-01
  -2.494649285474003e+02  1.410931032552384e+00 -2.038581464479782e+00  3.464779217358451e+32  5.067641806411744e-11 -4.566330111115486e-06  1.100234497494597e+01  1.410931032552384e+00  2.504602896858917e+00  1.493535734749568e-03  2.803649108098521e+03  4.683389952461493e+03  4.835166614658028e-34  5.246922989912134e+01  4.082105313691154e+00  3.998381914180420e+01 -2.883012682251510e-01
  -2.520127266130133e+02  1.407024248714588e+00 -2.013378614037107e+00  3.464779217358451e+32  5.801468584788274e-11 -4.939890162533501e-06  1.097037434376080e+01  1.407024248714588e+00  2.505926314728621e+00  1.502459751066815e-03  2.885781574506389e+03  4.669708047830033e+03  4.859346440001061e-34  5.155721083980699e+01  4.094568962345884e+00  4.016455758962310e+01 -2.606957770274330e-01
  -2.488365668032569e+02  1.410717965134427e+00 -2.038041508869039e+00  3.464779217358451e+32  5.260527888385732e-11 -4.643576425720665e-06  1.099820567719918e+01  1.410717965134427e+00  2.504864149930962e+00  1.494996899679548e-03  2.806170847941868e+03  4.683192339713531e+03  4.833530127011874e-34  5.242093355483220e+01  4.084168572325257e+00  4.000872302179537e+01 -2.876921500199288e-01
  -2.501585896634072e+02  1.404841672889703e+00 -1.989665539127455e+00  3.464779217358451e+32  5.505914151392175e-11 -4.684741779832295e-06  1.097977411481665e+01  1.404841672889704e+00  2.504508197724305e+00  1.496279657019487e-03  2.952837018410266e+03  4.655729640542115e+03  4.899503848090445e-34  5.102930746391473e+01  4.085730094965546e+00  4.009367436433399e+01 -2.361482346839714e-01
  -2.485979668048042e+02  1.410327489696643e+00 -2.037990404675897e+00  3.464779217358451e+32  5.776009430805088e-11 -4.875234346939129e-06  1.098794101232371e+01  1.410327489696643e+00  2.505554959786989e+00  1.498775619186855e-03  2.808934519956071e+03  4.683446581314788e+03  4.828635725318334e-34  5.233452998438923e+01  4.089507539796730e+00  4.007132579399972e+01 -2.876345416945063e-01
  -2.517667087457296e+02  1.400312121520144e+00 -1.953481893052466e+00  3.464779217358451e+32  5.317093912595369e-11 -4.670769888690078e-06  1.096267597005889e+01  1.400312121520144e+00  2.504459320213194e+00  1.498444706471404e-03  3.063704897123521e+03  4.635269149268574e+03  4.949381358174409e-34  4.998350425938843e+01  4.088594692738074e+00  4.017754343559727e+01 -2.010307123008512e-01
  -2.505015849619483e+02  1.410217389012553e+00 -2.035472587917395e+00  3.464779217358451e+32  5.247381696251001e-11 -4.714623975550781e-06  1.099223725952971e+01  1.410217389012553e+00  2.505181505271237e+00  1.496902076245445e-03  2.815151869633260e+03  4.681870199421350e+03  4.833685288094143e-34  5.230497832775475e+01  4.086844426156061e+00  4.004362246490830e+01 -2.848051759511127e-01
  -2.532806446368413e+02  1.410950305112033e+00 -2.041537549395340e+00  3.464779217358451e+32  5.929045558404111e-11 -4.797919339037616e-06  1.099436482858628e+01  1.410950305112033e+00  2.505239056697453e+00  1.496810743793922e-03  2.797282928390557e+03  4.685322375880875e+03  4.828351898931749e-34  5.247960072576754e+01  4.086754100860510e+00  4.003417240299439e+01 -2.916503747084846e-01
  -2.511946927267977e+02  1.409878853182521e+00 -2.037976190732632e+00  3.464779217358451e+32  6.495097020389727e-11 -5.136303714553895e-06  1.097605429033515e+01  1.409878853182521e+00  2.506356930821234e+00  1.503171951970938e-03  2.812051391487616e+03  4.683768421390994e+03  4.823305140523944e-34  5.223574443419416e+01  4.095712504910566e+00  4.014401083220928e+01 -2.876185199970991e-01
  -2.506373452153603e+02  1.408501923519351e+00 -2.025096899670880e+00  3.464779217358451e+32  6.332752849102426e-11 -5.074010064404397e-06  1.097624073479116e+01  1.408501923519351e+00  2.505917824510930e+00  1.501627386128422e-03  2.849817557122780e+03  4.676318610199406e+03  4.843295527226702e-34  5.190562523387901e+01  4.093457114044061e+00  4.013537409993997e+01 -2.733257583217059e-01
  -2.508654183243479e+02  1.402802170956078e+00 -1.972075202681780e+00  3.464779217358451e+32  5.136701111662620e-11 -4.564549357429306e-06  1.097561109342968e+01  1.402802170956078e+00  2.504206636601900e+00  1.495808186856671e-03  3.005576932435154e+03  4.645661101480377e+03  4.925295900349597e-34  5.055160518714093e+01  4.084968287351380e+00  4.010923802042257e+01 -2.187443611714431e-01
  -2.562549256986682e+02  1.408243426685980e+00 -2.024416574010812e+00  3.464779217358451e+32  6.060286244809784e-11 -5.109855907875201e-06  1.097129854973678e+01  1.408243426685980e+00  2.506229293585949e+00  1.503381631363015e-03  2.853132611290230e+03  4.676063769282595e+03  4.842585756201626e-34  5.184753647777372e+01  4.095928048183424e+00  4.016526331350294e+01 -2.725829650758009e-01
  -2.533502156040956e+02  1.407049561074750e+00 -2.007868643224290e+00  3.464779217358451e+32  5.137227586131868e-11 -4.664479725836022e-06  1.098663431541438e+01  1.407049561074750e+00  2.504647683296484e+00  1.495825708367923e-03  2.897579226026102e+03  4.666068663107157e+03  4.873738553570040e-34  5.154861085724468e+01  4.085178879825647e+00  4.006209514759822e+01 -2.548745424658249e-01
  -2.522020041676147e+02  1.402997379701749e+00 -1.975664463150824e+00  3.464779217358451e+32  5.135109405451723e-11 -4.625965959625839e-06  1.097066843741029e+01  1.402997379701748e+00  2.504658307692946e+00  1.498039266498638e-03  2.996382203467096e+03  4.647882047028475e+03  4.917932949142017e-34  5.060240716940466e+01  4.088142252485818e+00  4.014137974932286e+01 -2.222429467805350e-01
  -2.503252131405622e+02  1.407706957076481e+00 -2.018304583982952e+00  3.464779217358451e+32  6.244185160448017e-11 -5.034151665699551e-06  1.097452513632459e+01  1.407706957076481e+00  2.505808409071446e+00  1.501483799804802e-03  2.870225878776181e+03  4.672440380412309e+03  4.853184172796980e-34  5.171731714484297e+01  4.093217415152218e+00  4.014191271139616e+01 -2.659629151877793e-01
  -2.498080938094309e+02  1.408157717879587e+00 -2.016719783218647e+00  3.464779217358451e+32  5.487172174985078e-11 -4.666546185260722e-06  1.099088833142817e+01  1.408157717879587e+00  2.504653336217191e+00  1.495266212776253e-03  2.870468252376556e+03  4.671068222463382e+03  4.861539094140077e-34  5.181028954401526e+01  4.084430466474603e+00  4.004117086986265e+01 -2.642617827177938e-01
  -2.493474901517238e+02  1.411325137302107e+00 -2.043301010606391e+00  3.464779217358451e+32  5.440878220711132e-11 -4.670765171915955e-06  1.099929676006897e+01  1.411325137302107e+00  2.504964865244126e+00  1.495195306355340e-03  2.791220944869127e+03  4.686205327681890e+03  4.829544811616791e-34  5.256622506816610e+01  4.084480652505340e+00  4.000513552105020e+01 -2.936599770971508e-01
  -2.500658619795490e+02  1.406445188164360e+00 -2.006168241039988e+00  3.464779217358451e+32  5.999804868968476e-11 -4.904653456622489e-06  1.097545249660516e+01  1.406445188164360e+00  2.505345569977160e+00  1.499757749957461e-03  2.905567819497663e+03  4.665397010506635e+03  4.872361045838375e-34  5.141424485646019e+01  4.090722799043901e+00  4.012941272101786e+01 -2.530927983727946e-01
  -2.496088284705645e+02  1.406718448366184e+00 -2.005395928303922e+00  3.464779217358451e+32  5.502911329704950e-11 -4.689501155267676e-06  1.098488660641034e+01  1.406718448366184e+00  2.504683653882984e+00  1.496187613192922e-03  2.905306363582652e+03  4.664687272437157e+03  4.876942025032280e-34  5.147117612454265e+01  4.085678815080104e+00  4.007134544597812e+01 -2.522858041838719e-01
  -2.495367246672895e+02  1.411412069622493e+00 -2.043143433474810e+00  3.464779217358451e+32  5.387067995418108e-11 -4.678483827896257e-06  1.100206997373072e+01  1.411412069622493e+00  2.504772648676137e+00  1.494156970313185e-03  2.791012074201189e+03  4.686036698916316e+03  4.831181045281997e-34  5.258517125266825e+01  4.083010966199621e+00  3.998815284048761e+01 -2.934800476150738e-01
  -2.509408252649349e+02  1.408892911449629e+00 -2.028196971212948e+00  3.464779217358451e+32  5.751435482845378e-11 -4.928157929971619e-06  1.097777354491860e+01  1.408892911449629e+00  2.505917075918803e+00  1.501415128151722e-03  2.840303378026672e+03  4.678067565775781e+03  4.839049917061713e-34  5.199792092437290e+01  4.093175182473614e+00  4.012780166808221e+01 -2.767257242621549e-01
  -2.518902613863161e+02  1.400572246670563e+00 -1.957951226369521e+00  3.464779217358451e+32  5.877950266280810e-11 -4.876156969152954e-06  1.095681684694383e+01  1.400572246670564e+00  2.505004339301234e+00  1.501128659114322e-03  3.052022244108341e+03  4.638021785781510e+03  4.940034551863294e-34  5.004854213448979e+01  4.092408408876905e+00  4.021605670653327e+01 -2.052274224116097e-01
  -2.506548229049062e+02  1.406336302043558e+00 -2.000499354987807e+00  3.464779217358451e+32  4.928260347907093e-11 -4.514287195682390e-06  1.098863205506180e+01  1.406336302043558e+00  2.504269551370446e+00  1.494252182952025e-03  2.918666271251740e+03  4.661750042261685e+03  4.885885715620994e-34  5.137652532212035e+01  4.082919166586148e+00  4.004576524171953e+01 -2.472018727373866e-01
  -2.536559357568624e+02  1.401450086166667e+00 -1.966681031853411e+00  3.464779217358451e+32  5.824130588677248e-11 -4.881408602604753e-06  1.095526080367415e+01  1.401450086166667e+00  2.505399819949410e+00  1.502709660070308e-03  3.026772450259483e+03  4.643119006206730e+03  4.925881677735925e-34  5.025418245509136e+01  4.094687077424957e+00  4.023059445645378e+01 -2.135355337127102e-01
  -2.493127446874510e+02  1.410659536842431e+00 -2.038363098915827e+00  3.464779217358451e+32  5.686917308437645e-11 -4.786729007398963e-06  1.099572171361861e+01  1.410659536842431e+00  2.505042356664204e+00  1.495948339348964e-03  2.805869201791879e+03  4.683447299644735e+03  4.831952164990091e-34  5.240867030133884e+01  4.085515638067124e+00  4.002405394699738e+01 -2.880548351662883e-01
  -2.515870735248884e+02  1.409562314759428e+00 -2.029428854949874e+00  3.464779217358451e+32  5.465517782241118e-11 -4.664586124073098e-06  1.099214403812701e+01  1.409562314759428e+00  2.504987086143164e+00  1.496244802314646e-03  2.832869688049201e+03  4.678379471672811e+03  4.842248874046433e-34  5.214814407631359e+01  4.085879327969317e+00  4.004062989588026e+01 -2.780837770640746e-01
  -2.495919405896092e+02  1.410241896684243e+00 -2.032612893222869e+00  3.464779217358451e+32  5.154491948295178e-11 -4.579598959386666e-06  1.100115777983426e+01  1.410241896684243e+00  2.504484453307672e+00  1.493289595391023e-03  2.821198175929975e+03  4.679970141638253e+03  4.841345402692453e-34  5.230485678707042e+01  4.081719169787667e+00  3.998751809412565e+01 -2.816125943442726e-01
  -2.538240448711207e+02  1.404275742853823e+00 -1.981888977415951e+00  3.464779217358451e+32  4.526468699177594e-11 -4.337899661919614e-06  1.098677220608212e+01  1.404275742853824e+00  2.503779780880528e+00  1.492820670498118e-03  2.973769428608784e+03  4.651029582392799e+03  4.914097431687642e-34  5.088860534439131e+01  4.080796627959808e+00  4.004670304584727e+01 -2.283734512252714e-01
  -2.506852750984133e+02  1.410275112348188e+00 -2.041651310997957e+00  3.464779217358451e+32  6.325610823320720e-11 -5.126296510218645e-06  1.097611510866292e+01  1.410275112348189e+00  2.506474163212611e+00  1.503569438025554e-03  2.801338894536727e+03  4.685895778099212e+03  4.818559122279220e-34  5.233125437281561e+01  4.096297575035793e+00  4.014573265698271e+01 -2.917797501608707e-01
  -2.491268101910000e+02  1.410725307817095e+00 -2.038453250246964e+00  3.464779217358451e+32  5.249173749528054e-11 -4.666268472838711e-06  1.099721776413862e+01  1.410725307817095e+00  2.504944434843364e+00  1.495407619488212e-03  2.805226560956005e+03  4.683458130173955e+03  4.832567137367107e-34  5.242341257756627e+01  4.084751922814563e+00  4.001498434023168e+01 -2.881565580415722e-01
  -2.535928396081961e+02  1.404887673349092e+00 -1.986982796703169e+00  3.464779217358451e+32  5.113015167875490e-11 -4.456394543725454e-06  1.098857630169388e+01  1.404887673349092e+00  2.503826372897429e+00  1.492735715609926e-03  2.958345841538395e+03  4.653931018355870e+03  4.906831306348645e-34  5.103217576825187e+01  4.080704907492338e+00  4.003851297244562e+01 -2.334513432884670e-01
  -2.500948692408088e+02  1.411231846696586e+00 -2.040269753043756e+00  3.464779217358451e+32  5.001066868609497e-11 -4.501627255346742e-06  1.100552705154375e+01  1.411231846696586e+00  2.504444304423088e+00  1.492558761111689e-03  2.798207176126377e+03  4.684277904613115e+03  4.835468714341039e-34  5.253935902437342e+01  4.080732653173295e+00  3.996543234894700e+01 -2.902110313569144e-01
  -2.499319196163313e+02  1.407447297704451e+00 -2.009571706013539e+00  3.464779217358451e+32  5.068705275500870e-11 -4.549820950771327e-06  1.099233913055190e+01  1.407447297704451e+00  2.504319531618664e+00  1.493920174837340e-03  2.891052139091573e+03  4.666894757874251e+03  4.873145093776301e-34  5.163866551997074e+01  4.082493753735371e+00  4.002829256803913e+01 -2.566659897698005e-01
  -2.508167854354435e+02  1.403901748261101e+00 -1.984361007355087e+00  3.464779217358451e+32  5.578936827811454e-11 -4.758785033426304e-06  1.096997498293252e+01  1.403901748261101e+00  2.504993067756365e+00  1.499289190451629e-03  2.971045729569933e+03  4.652935321776178e+03  4.904193482404668e-34  5.081618405400754e+01  4.089954288336421e+00  4.015051288597795e+01 -2.308308053984437e-01
  -2.554791829544321e+02  1.404440058564362e+00 -1.989966108789606e+00  3.464779217358451e+32  6.484454052041398e-11 -5.040323522160710e-06  1.096837310749410e+01  1.404440058564362e+00  2.505286404927468e+00  1.500521314667459e-03  2.955033712505762e+03  4.656223700651571e+03  4.894914427505778e-34  5.094510003333352e+01  4.091723429450860e+00  4.016345116601713e+01 -2.364513699761085e-01
  -2.496689434538102e+02  1.405687747024675e+00 -1.999101802321374e+00  3.464779217358451e+32  5.741088734866091e-11 -4.834144769090028e-06  1.097548522610271e+01  1.405687747024675e+00  2.505109027471260e+00  1.498936645518794e-03  2.926309802454721e+03  4.661309551275093e+03  4.883310422492220e-34  5.123444425434820e+01  4.089532046049837e+00  4.012514293811176e+01 -2.457610410273412e-01
  -2.515473833744866e+02  1.400648190196593e+00 -1.957440873849460e+00  3.464779217358451e+32  5.554408352395068e-11 -4.765212737871542e-06  1.096027139087994e+01  1.400648190196593e+00  2.504754075698044e+00  1.499791013162122e-03  3.052671209374666e+03  4.637626941378162e+03  4.942306338743792e-34  5.006311521283947e+01  4.090516843779768e+00  4.019459971060896e+01 -2.047462827757763e-01
  -2.510923302331626e+02  1.407283827839525e+00 -2.008190316319686e+00  3.464779217358451e+32  5.439593630847647e-11 -4.618151090069054e-06  1.099193093844970e+01  1.407283827839525e+00  2.504301341956104e+00  1.493913081240789e-03  2.895216162050695e+03  4.666107172890428e+03  4.875139155145991e-34  5.159995153917391e+01  4.082477367208356e+00  4.002999396098482e+01 -2.552123777352481e-01
  -2.514105232573637e+02  1.409929902660256e+00 -2.038257082680924e+00  3.464779217358451e+32  6.151566607307928e-11 -5.097149681635781e-06  1.097660957174085e+01  1.409929902660256e+00  2.506328714623823e+00  1.502998256699916e-03  2.811078364698916e+03  4.683915155451717e+03  4.823068951951915e-34  5.224759102492617e+01  4.095469180192358e+00  4.014077398841200e+01 -2.879352398014883e-01
  -2.491891020460309e+02  1.409851057291133e+00 -2.030319491094957e+00  3.464779217358451e+32  5.164122416155736e-11 -4.596188434171315e-06  1.099732359875275e+01  1.409851057291133e+00  2.504666852664708e+00  1.494437743132018e-03  2.828882548583339e+03  4.678750809893882e+03  4.842705988539905e-34  5.221389852560350e+01  4.083329148545769e+00  4.000952841417648e+01 -2.790681325870578e-01
 