/home/bmr135/SPACEINN/AIMS/project/GridCLESAIMS/Ov0.0/ 6.674200e-08
6 2.021852797146635e+33 6.990961597706546e+10 4.050821490089048e+33 0.01691 0.71432 3.377692323471615e+03 5839.98089
0.062488130702967 M1.01.X0.732.Z0.0090/AIMS/M1.01.X0.732.Z0.0090-0090.mod.txt
0.007188379781608 M1.01.X0.732.Z0.0090/AIMS/M1.01.X0.732.Z0.0090-0091.mod.txt
0.612172729794368 M1.02.X0.713.Z0.0175/AIMS/M1.02.X0.713.Z0.0175-0076.mod.txt
0.070225034570682 M1.02.X0.713.Z0.0175/AIMS/M1.02.X0.713.Z0.0175-0077.mod.txt
0.051046349154447 M1.01.X0.713.Z0.0175/AIMS/M1.01.X0.713.Z0.0175-0076.mod.txt
0.196879375995929 M1.01.X0.713.Z0.0175/AIMS/M1.01.X0.713.Z0.0175-0077.mod.txt

6 2.008962689854525e+33 6.980534982689772e+10 3.942840681836956e+33 0.01750 0.71300 3.802518085321072e+03 5804.99785
0.000021940569281 M1.01.X0.732.Z0.0090/AIMS/M1.01.X0.732.Z0.0090-0092.mod.txt
0.000033432031852 M1.01.X0.732.Z0.0090/AIMS/M1.01.X0.732.Z0.0090-0093.mod.txt
0.017640290733927 M1.02.X0.713.Z0.0175/AIMS/M1.02.X0.713.Z0.0175-0078.mod.txt
0.016492170266132 M1.02.X0.713.Z0.0175/AIMS/M1.02.X0.713.Z0.0175-0079.mod.txt
0.846687893641653 M1.01.X0.713.Z0.0175/AIMS/M1.01.X0.713.Z0.0175-0079.mod.txt
0.119124272757156 M1.01.X0.713.Z0.0175/AIMS/M1.01.X0.713.Z0.0175-0080.mod.txt

6 2.008320268093397e+33 6.979913429768646e+10 3.940451407561736e+33 0.01750 0.71300 3.817351813825374e+03 5804.37665
0.000051654267608 M1.01.X0.732.Z0.0090/AIMS/M1.01.X0.732.Z0.0090-0092.mod.txt
0.000116778344627 M1.01.X0.732.Z0.0090/AIMS/M1.01.X0.732.Z0.0090-0093.mod.txt
0.000787054896744 M1.02.X0.713.Z0.0175/AIMS/M1.02.X0.713.Z0.0175-0078.mod.txt
0.001036928878985 M1.02.X0.713.Z0.0175/AIMS/M1.02.X0.713.Z0.0175-0079.mod.txt
0.791457150957186 M1.01.X0.713.Z0.0175/AIMS/M1.01.X0.713.Z0.0175-0079.mod.txt
0.206550432654851 M1.01.X0.713.Z0.0175/AIMS/M1.01.X0.713.Z0.0175-0080.mod.txt

6 2.008094014892225e+33 6.979673058767688e+10 3.939405696910849e+33 0.01750 0.71300 3.822985611494739e+03 5804.09147
0.003519567673229 M1.00.X0.713.Z0.0175/AIMS/M1.00.X0.713.Z0.0175-0079.mod.txt
0.006035104815947 M1.00.X0.713.Z0.0175/AIMS/M1.00.X0.713.Z0.0175-0080.mod.txt
0.000003378966098 M1.01.X0.732.Z0.0090/AIMS/M1.01.X0.732.Z0.0090-0092.mod.txt
0.000008648732237 M1.01.X0.732.Z0.0090/AIMS/M1.01.X0.732.Z0.0090-0093.mod.txt
0.761642992106800 M1.01.X0.713.Z0.0175/AIMS/M1.01.X0.713.Z0.0175-0079.mod.txt
0.228790307705689 M1.01.X0.713.Z0.0175/AIMS/M1.01.X0.713.Z0.0175-0080.mod.txt

6 2.032376493406136e+33 7.000754352753612e+10 4.119521974659924e+33 0.01664 0.71491 3.093338575438136e+03 5860.48278
0.152592176266074 M1.03.X0.713.Z0.0175/AIMS/M1.03.X0.713.Z0.0175-0074.mod.txt
0.059060077110285 M1.03.X0.713.Z0.0175/AIMS/M1.03.X0.713.Z0.0175-0075.mod.txt
0.458696642136483 M1.02.X0.713.Z0.0175/AIMS/M1.02.X0.713.Z0.0175-0074.mod.txt
0.228992490575446 M1.02.X0.713.Z0.0175/AIMS/M1.02.X0.713.Z0.0175-0075.mod.txt
0.091886158366686 M1.02.X0.732.Z0.0090/AIMS/M1.02.X0.732.Z0.0090-0087.mod.txt
0.008772455545026 M1.02.X0.732.Z0.0090/AIMS/M1.02.X0.732.Z0.0090-0088.mod.txt

6 2.010996359935739e+33 6.982665427036766e+10 3.950968361908091e+33 0.01750 0.71300 3.755645094685552e+03 5807.10103
0.000055572329738 M1.01.X0.732.Z0.0090/AIMS/M1.01.X0.732.Z0.0090-0092.mod.txt
0.000026505209713 M1.01.X0.732.Z0.0090/AIMS/M1.01.X0.732.Z0.0090-0093.mod.txt
0.106992215594258 M1.02.X0.713.Z0.0175/AIMS/M1.02.X0.713.Z0.0175-0078.mod.txt
0.029416954378515 M1.02.X0.713.Z0.0175/AIMS/M1.02.X0.713.Z0.0175-0079.mod.txt
0.119318704424140 M1.01.X0.713.Z0.0175/AIMS/M1.01.X0.713.Z0.0175-0078.mod.txt
0.744190048063637 M1.01.X0.713.Z0.0175/AIMS/M1.01.X0.713.Z0.0175-0079.mod.txt

6 2.008631236071481e+33 6.980271951393105e+10 3.941627162889151e+33 0.01750 0.71300 3.810562808449240e+03 5804.66050
0.000013290382903 M1.01.X0.732.Z0.0090/AIMS/M1.01.X0.732.Z0.0090-0092.mod.txt
0.000025010205882 M1.01.X0.732.Z0.0090/AIMS/M1.01.X0.732.Z0.0090-0093.mod.txt
0.008206226227606 M1.02.X0.713.Z0.0175/AIMS/M1.02.X0.713.Z0.0175-0078.mod.txt
0.009256863265503 M1.02.X0.713.Z0.0175/AIMS/M1.02.X0.713.Z0.0175-0079.mod.txt
0.816151517278386 M1.01.X0.713.Z0.0175/AIMS/M1.01.X0.713.Z0.0175-0079.mod.txt
0.166347092639721 M1.01.X0.713.Z0.0175/AIMS/M1.01.X0.713.Z0.0175-0080.mod.txt

6 2.008288154343662e+33 6.979840707655103e+10 3.940166528282579e+33 0.01750 0.71300 3.818112278742250e+03 5804.30198
0.000015881168839 M1.01.X0.732.Z0.0090/AIMS/M1.01.X0.732.Z0.0090-0092.mod.txt
0.000036551765062 M1.01.X0.732.Z0.0090/AIMS/M1.01.X0.732.Z0.0090-0093.mod.txt
0.000089399048431 M1.02.X0.713.Z0.0175/AIMS/M1.02.X0.713.Z0.0175-0078.mod.txt
0.000119529922737 M1.02.X0.713.Z0.0175/AIMS/M1.02.X0.713.Z0.0175-0079.mod.txt
0.789291382196897 M1.01.X0.713.Z0.0175/AIMS/M1.01.X0.713.Z0.0175-0079.mod.txt
0.210447255898033 M1.01.X0.713.Z0.0175/AIMS/M1.01.X0.713.Z0.0175-0080.mod.txt

6 2.027703530997296e+33 6.998837870048396e+10 4.061901455033830e+33 0.01706 0.71399 3.283591214668796e+03 5840.68099
0.435455978386227 M1.02.X0.713.Z0.0175/AIMS/M1.02.X0.713.Z0.0175-0075.mod.txt
0.512384116128689 M1.02.X0.713.Z0.0175/AIMS/M1.02.X0.713.Z0.0175-0076.mod.txt
0.011392494669111 M1.01.X0.732.Z0.0090/AIMS/M1.01.X0.732.Z0.0090-0089.mod.txt
0.011966437271365 M1.01.X0.732.Z0.0090/AIMS/M1.01.X0.732.Z0.0090-0090.mod.txt
0.018454513799855 M1.02.X0.732.Z0.0090/AIMS/M1.02.X0.732.Z0.0090-0088.mod.txt
0.010346459744753 M1.02.X0.732.Z0.0090/AIMS/M1.02.X0.732.Z0.0090-0089.mod.txt

6 2.009129357875107e+33 6.980738186082028e+10 3.944227882342242e+33 0.01749 0.71302 3.797457553921808e+03 5805.42388
0.000359292071486 M1.01.X0.732.Z0.0090/AIMS/M1.01.X0.732.Z0.0090-0092.mod.txt
0.000486666798230 M1.01.X0.732.Z0.0090/AIMS/M1.01.X0.732.Z0.0090-0093.mod.txt
0.023125739325689 M1.02.X0.713.Z0.0175/AIMS/M1.02.X0.713.Z0.0175-0078.mod.txt
0.019388738400496 M1.02.X0.713.Z0.0175/AIMS/M1.02.X0.713.Z0.0175-0079.mod.txt
0.864086142146440 M1.01.X0.713.Z0.0175/AIMS/M1.01.X0.713.Z0.0175-0079.mod.txt
0.092553421257659 M1.01.X0.713.Z0.0175/AIMS/M1.01.X0.713.Z0.0175-0080.mod.txt

6 2.007951709160046e+33 6.979481189903914e+10 3.938788536613549e+33 0.01750 0.71300 3.826163338051657e+03 5803.94390
0.005955653020009 M1.00.X0.713.Z0.0175/AIMS/M1.00.X0.713.Z0.0175-0079.mod.txt
0.010755815495043 M1.00.X0.713.Z0.0175/AIMS/M1.00.X0.713.Z0.0175-0080.mod.txt
0.000008182205306 M1.01.X0.732.Z0.0090/AIMS/M1.01.X0.732.Z0.0090-0092.mod.txt
0.000022324538516 M1.01.X0.732.Z0.0090/AIMS/M1.01.X0.732.Z0.0090-0093.mod.txt
0.744445156454269 M1.01.X0.713.Z0.0175/AIMS/M1.01.X0.713.Z0.0175-0079.mod.txt
0.238812868286857 M1.01.X0.713.Z0.0175/AIMS/M1.01.X0.713.Z0.0175-0080.mod.txt

6 2.006641924490585e+33 6.978137271429497e+10 3.933906085501764e+33 0.01750 0.71301 3.857003079099379e+03 5802.70314
0.019131532255293 M1.00.X0.713.Z0.0175/AIMS/M1.00.X0.713.Z0.0175-0079.mod.txt
0.063451223197072 M1.00.X0.713.Z0.0175/AIMS/M1.00.X0.713.Z0.0175-0080.mod.txt
0.000055147238044 M1.01.X0.732.Z0.0090/AIMS/M1.01.X0.732.Z0.0090-0092.mod.txt
0.000351057442423 M1.01.X0.732.Z0.0090/AIMS/M1.01.X0.732.Z0.0090-0093.mod.txt
0.580884103003075 M1.01.X0.713.Z0.0175/AIMS/M1.01.X0.713.Z0.0175-0079.mod.txt
0.336126936864092 M1.01.X0.713.Z0.0175/AIMS/M1.01.X0.713.Z0.0175-0080.mod.txt

6 2.032605367903684e+33 7.005550458201964e+10 4.039389881857297e+33 0.01749 0.71303 3.265141752588797e+03 5829.77666
0.168411400258052 M1.03.X0.713.Z0.0175/AIMS/M1.03.X0.713.Z0.0175-0075.mod.txt
0.054751338812785 M1.03.X0.713.Z0.0175/AIMS/M1.03.X0.713.Z0.0175-0076.mod.txt
0.543861370684793 M1.02.X0.713.Z0.0175/AIMS/M1.02.X0.713.Z0.0175-0075.mod.txt
0.231592184147106 M1.02.X0.713.Z0.0175/AIMS/M1.02.X0.713.Z0.0175-0076.mod.txt
0.001239544158088 M1.02.X0.732.Z0.0090/AIMS/M1.02.X0.732.Z0.0090-0088.mod.txt
0.000144161939177 M1.02.X0.732.Z0.0090/AIMS/M1.02.X0.732.Z0.0090-0089.mod.txt

6 2.011597605630864e+33 6.983308194177126e+10 3.953424754574072e+33 0.01750 0.71300 3.741784325327167e+03 5807.73612
0.000098596917081 M1.01.X0.732.Z0.0090/AIMS/M1.01.X0.732.Z0.0090-0092.mod.txt
0.000031121866758 M1.01.X0.732.Z0.0090/AIMS/M1.01.X0.732.Z0.0090-0093.mod.txt
0.143887090499745 M1.02.X0.713.Z0.0175/AIMS/M1.02.X0.713.Z0.0175-0078.mod.txt
0.022759742675898 M1.02.X0.713.Z0.0175/AIMS/M1.02.X0.713.Z0.0175-0079.mod.txt
0.179390505468128 M1.01.X0.713.Z0.0175/AIMS/M1.01.X0.713.Z0.0175-0078.mod.txt
0.653832942572390 M1.01.X0.713.Z0.0175/AIMS/M1.01.X0.713.Z0.0175-0079.mod.txt

6 2.007642578405879e+33 6.979153201991658e+10 3.937853766229035e+33 0.01750 0.71301 3.832921634031175e+03 5803.73589
0.010628901062960 M1.00.X0.713.Z0.0175/AIMS/M1.00.X0.713.Z0.0175-0079.mod.txt
0.021629276070477 M1.00.X0.713.Z0.0175/AIMS/M1.00.X0.713.Z0.0175-0080.mod.txt
0.000093837994190 M1.01.X0.732.Z0.0090/AIMS/M1.01.X0.732.Z0.0090-0092.mod.txt
0.000297713904759 M1.01.X0.732.Z0.0090/AIMS/M1.01.X0.732.Z0.0090-0093.mod.txt
0.706611279193111 M1.01.X0.713.Z0.0175/AIMS/M1.01.X0.713.Z0.0175-0079.mod.txt
0.260738991774503 M1.01.X0.713.Z0.0175/AIMS/M1.01.X0.713.Z0.0175-0080.mod.txt

6 2.008600182540671e+33 6.980239181194058e+10 3.941475167730011e+33 0.01750 0.71300 3.811332319807962e+03 5804.61817
0.000002038970775 M1.01.X0.732.Z0.0090/AIMS/M1.01.X0.732.Z0.0090-0092.mod.txt
0.000003914854277 M1.01.X0.732.Z0.0090/AIMS/M1.01.X0.732.Z0.0090-0093.mod.txt
0.007403596610109 M1.02.X0.713.Z0.0175/AIMS/M1.02.X0.713.Z0.0175-0078.mod.txt
0.008497758281825 M1.02.X0.713.Z0.0175/AIMS/M1.02.X0.713.Z0.0175-0079.mod.txt
0.813305904467137 M1.01.X0.713.Z0.0175/AIMS/M1.01.X0.713.Z0.0175-0079.mod.txt
0.170786786815877 M1.01.X0.713.Z0.0175/AIMS/M1.01.X0.713.Z0.0175-0080.mod.txt

6 2.027208608539825e+33 6.998021640914177e+10 4.052887486161133e+33 0.01712 0.71385 3.304355138095278e+03 5837.77837
0.016357137526514 M1.01.X0.732.Z0.0090/AIMS/M1.01.X0.732.Z0.0090-0089.mod.txt
0.028379307828090 M1.01.X0.732.Z0.0090/AIMS/M1.01.X0.732.Z0.0090-0090.mod.txt
0.326686211960495 M1.02.X0.713.Z0.0175/AIMS/M1.02.X0.713.Z0.0175-0075.mod.txt
0.625064368396829 M1.02.X0.713.Z0.0175/AIMS/M1.02.X0.713.Z0.0175-0076.mod.txt
0.002258739498827 M1.01.X0.713.Z0.0175/AIMS/M1.01.X0.713.Z0.0175-0076.mod.txt
0.001254234789246 M1.01.X0.713.Z0.0175/AIMS/M1.01.X0.713.Z0.0175-0077.mod.txt

6 2.008392972336581e+33 6.979940598679683e+10 3.940578453769078e+33 0.01750 0.71300 3.815635384655379e+03 5804.41214
0.000019851484701 M1.01.X0.732.Z0.0090/AIMS/M1.01.X0.732.Z0.0090-0092.mod.txt
0.000042613729531 M1.01.X0.732.Z0.0090/AIMS/M1.01.X0.732.Z0.0090-0093.mod.txt
0.002422889472146 M1.02.X0.713.Z0.0175/AIMS/M1.02.X0.713.Z0.0175-0078.mod.txt
0.003057513695289 M1.02.X0.713.Z0.0175/AIMS/M1.02.X0.713.Z0.0175-0079.mod.txt
0.798970922630966 M1.01.X0.713.Z0.0175/AIMS/M1.01.X0.713.Z0.0175-0079.mod.txt
0.195486208987367 M1.01.X0.713.Z0.0175/AIMS/M1.01.X0.713.Z0.0175-0080.mod.txt

6 2.007785410349971e+33 6.979349222897643e+10 3.938227213245976e+33 0.01750 0.71300 3.830248878287297e+03 5803.79198
0.008501327483505 M1.00.X0.713.Z0.0175/AIMS/M1.00.X0.713.Z0.0175-0079.mod.txt
0.016573589536646 M1.00.X0.713.Z0.0175/AIMS/M1.00.X0.713.Z0.0175-0080.mod.txt
0.000020255213171 M1.01.X0.732.Z0.0090/AIMS/M1.01.X0.732.Z0.0090-0092.mod.txt
0.000060833603160 M1.01.X0.732.Z0.0090/AIMS/M1.01.X0.732.Z0.0090-0093.mod.txt
0.721309180666830 M1.01.X0.713.Z0.0175/AIMS/M1.01.X0.713.Z0.0175-0079.mod.txt
0.253534813496687 M1.01.X0.713.Z0.0175/AIMS/M1.01.X0.713.Z0.0175-0080.mod.txt

6 2.006987412810549e+33 6.978465364572699e+10 3.934892112044183e+33 0.01750 0.71300 3.849270826990601e+03 5802.93030
0.017155470503831 M1.00.X0.713.Z0.0175/AIMS/M1.00.X0.713.Z0.0175-0079.mod.txt
0.048052092836088 M1.00.X0.713.Z0.0175/AIMS/M1.00.X0.713.Z0.0175-0080.mod.txt
0.000000222358111 M1.01.X0.732.Z0.0090/AIMS/M1.01.X0.732.Z0.0090-0092.mod.txt
0.000001092316298 M1.01.X0.732.Z0.0090/AIMS/M1.01.X0.732.Z0.0090-0093.mod.txt
0.621275861164678 M1.01.X0.713.Z0.0175/AIMS/M1.01.X0.713.Z0.0175-0079.mod.txt
0.313515260820992 M1.01.X0.713.Z0.0175/AIMS/M1.01.X0.713.Z0.0175-0080.mod.txt

6 2.026361710746163e+33 6.996693666902376e+10 4.071366529444044e+33 0.01690 0.71434 3.279610979912746e+03 5844.97594
0.034084489399168 M1.01.X0.732.Z0.0090/AIMS/M1.01.X0.732.Z0.0090-0089.mod.txt
0.036262811692443 M1.01.X0.732.Z0.0090/AIMS/M1.01.X0.732.Z0.0090-0090.mod.txt
0.414918814296531 M1.02.X0.713.Z0.0175/AIMS/M1.02.X0.713.Z0.0175-0075.mod.txt
0.494239843225216 M1.02.X0.713.Z0.0175/AIMS/M1.02.X0.713.Z0.0175-0076.mod.txt
0.015451005490120 M1.01.X0.713.Z0.0175/AIMS/M1.01.X0.713.Z0.0175-0076.mod.txt
0.005043035896523 M1.01.X0.713.Z0.0175/AIMS/M1.01.X0.713.Z0.0175-0077.mod.txt

6 2.009881849757288e+33 6.981511697790033e+10 3.946711383498875e+33 0.01750 0.71301 3.781072850801955e+03 5806.01585
0.000139346765536 M1.01.X0.732.Z0.0090/AIMS/M1.01.X0.732.Z0.0090-0092.mod.txt
0.000126591276332 M1.01.X0.732.Z0.0090/AIMS/M1.01.X0.732.Z0.0090-0093.mod.txt
0.051309949335329 M1.02.X0.713.Z0.0175/AIMS/M1.02.X0.713.Z0.0175-0078.mod.txt
0.029048618220886 M1.02.X0.713.Z0.0175/AIMS/M1.02.X0.713.Z0.0175-0079.mod.txt
0.915640149586179 M1.01.X0.713.Z0.0175/AIMS/M1.01.X0.713.Z0.0175-0079.mod.txt
0.003735344815737 M1.01.X0.713.Z0.0175/AIMS/M1.01.X0.713.Z0.0175-0080.mod.txt

6 2.008219690199216e+33 6.979786330565073e+10 3.940095911567103e+33 0.01750 0.71300 3.819469135173682e+03 5804.29858
0.001239510100104 M1.00.X0.713.Z0.0175/AIMS/M1.00.X0.713.Z0.0175-0079.mod.txt
0.001994738581456 M1.00.X0.713.Z0.0175/AIMS/M1.00.X0.713.Z0.0175-0080.mod.txt
0.000077156841176 M1.01.X0.732.Z0.0090/AIMS/M1.01.X0.732.Z0.0090-0092.mod.txt
0.000182858993983 M1.01.X0.732.Z0.0090/AIMS/M1.01.X0.732.Z0.0090-0093.mod.txt
0.781020165912062 M1.01.X0.713.Z0.0175/AIMS/M1.01.X0.713.Z0.0175-0079.mod.txt
0.215485569571219 M1.01.X0.713.Z0.0175/AIMS/M1.01.X0.713.Z0.0175-0080.mod.txt

6 2.006373708972411e+33 6.977819672630161e+10 3.932552407129019e+33 0.01750 0.71300 3.863716359849583e+03 5802.33594
0.019705502546387 M1.00.X0.713.Z0.0175/AIMS/M1.00.X0.713.Z0.0175-0079.mod.txt
0.076366265085302 M1.00.X0.713.Z0.0175/AIMS/M1.00.X0.713.Z0.0175-0080.mod.txt
0.000015257385837 M1.01.X0.732.Z0.0090/AIMS/M1.01.X0.732.Z0.0090-0092.mod.txt
0.000126588005136 M1.01.X0.732.Z0.0090/AIMS/M1.01.X0.732.Z0.0090-0093.mod.txt
0.548710833603007 M1.01.X0.713.Z0.0175/AIMS/M1.01.X0.713.Z0.0175-0079.mod.txt
0.355075553374330 M1.01.X0.713.Z0.0175/AIMS/M1.01.X0.713.Z0.0175-0080.mod.txt

6 2.022960854791953e+33 6.995327722940518e+10 4.004129750926858e+33 0.01745 0.71311 3.472778188475500e+03 5821.26155
0.002166903167800 M1.01.X0.732.Z0.0090/AIMS/M1.01.X0.732.Z0.0090-0090.mod.txt
0.003632365867808 M1.01.X0.732.Z0.0090/AIMS/M1.01.X0.732.Z0.0090-0091.mod.txt
0.294588734740998 M1.02.X0.713.Z0.0175/AIMS/M1.02.X0.713.Z0.0175-0076.mod.txt
0.443535123232873 M1.02.X0.713.Z0.0175/AIMS/M1.02.X0.713.Z0.0175-0077.mod.txt
0.184011832586244 M1.01.X0.713.Z0.0175/AIMS/M1.01.X0.713.Z0.0175-0077.mod.txt
0.072065040404279 M1.01.X0.713.Z0.0175/AIMS/M1.01.X0.713.Z0.0175-0078.mod.txt

6 2.012327239996515e+33 6.984092168502646e+10 3.956581611291502e+33 0.01750 0.71301 3.724668457851339e+03 5808.56912
0.000328001201425 M1.01.X0.732.Z0.0090/AIMS/M1.01.X0.732.Z0.0090-0092.mod.txt
0.000052375469000 M1.01.X0.732.Z0.0090/AIMS/M1.01.X0.732.Z0.0090-0093.mod.txt
0.195371587722499 M1.02.X0.713.Z0.0175/AIMS/M1.02.X0.713.Z0.0175-0078.mod.txt
0.007969792106237 M1.02.X0.713.Z0.0175/AIMS/M1.02.X0.713.Z0.0175-0079.mod.txt
0.247056852105563 M1.01.X0.713.Z0.0175/AIMS/M1.01.X0.713.Z0.0175-0078.mod.txt
0.549221391395275 M1.01.X0.713.Z0.0175/AIMS/M1.01.X0.713.Z0.0175-0079.mod.txt

6 2.008483181830155e+33 6.980079602656990e+10 3.940996326378633e+33 0.01750 0.71300 3.813774488563309e+03 5804.50822
0.000017902113846 M1.01.X0.732.Z0.0090/AIMS/M1.01.X0.732.Z0.0090-0092.mod.txt
0.000036626462223 M1.01.X0.732.Z0.0090/AIMS/M1.01.X0.732.Z0.0090-0093.mod.txt
0.004528863719658 M1.02.X0.713.Z0.0175/AIMS/M1.02.X0.713.Z0.0175-0078.mod.txt
0.005488327497147 M1.02.X0.713.Z0.0175/AIMS/M1.02.X0.713.Z0.0175-0079.mod.txt
0.805043401219152 M1.01.X0.713.Z0.0175/AIMS/M1.01.X0.713.Z0.0175-0079.mod.txt
0.184884878987974 M1.01.X0.713.Z0.0175/AIMS/M1.01.X0.713.Z0.0175-0080.mod.txt

6 2.007964096860492e+33 6.979522966536696e+10 3.938997290834965e+33 0.01750 0.71300 3.825764604123192e+03 5804.00343
0.005752458514635 M1.00.X0.713.Z0.0175/AIMS/M1.00.X0.713.Z0.0175-0079.mod.txt
0.010336011587359 M1.00.X0.713.Z0.0175/AIMS/M1.00.X0.713.Z0.0175-0080.mod.txt
0.000044899219012 M1.01.X0.732.Z0.0090/AIMS/M1.01.X0.732.Z0.0090-0092.mod.txt
0.000121731947258 M1.01.X0.732.Z0.0090/AIMS/M1.01.X0.732.Z0.0090-0093.mod.txt
0.745955496583183 M1.01.X0.713.Z0.0175/AIMS/M1.01.X0.713.Z0.0175-0079.mod.txt
0.237789402148553 M1.01.X0.713.Z0.0175/AIMS/M1.01.X0.713.Z0.0175-0080.mod.txt

6 2.039076586153314e+33 7.015657992029008e+10 3.942827144142405e+33 0.01990 0.70780 3.377646946993395e+03 5790.44361
0.154062175598607 M1.02.X0.713.Z0.0175/AIMS/M1.02.X0.713.Z0.0175-0075.mod.txt
0.144310903123233 M1.02.X0.713.Z0.0175/AIMS/M1.02.X0.713.Z0.0175-0076.mod.txt
0.312400613180061 M1.03.X0.713.Z0.0175/AIMS/M1.03.X0.713.Z0.0175-0075.mod.txt
0.236210639752668 M1.03.X0.713.Z0.0175/AIMS/M1.03.X0.713.Z0.0175-0076.mod.txt
0.152394882536746 M1.02.X0.679.Z0.0332/AIMS/M1.02.X0.679.Z0.0332-0069.mod.txt
0.000620785808685 M1.02.X0.679.Z0.0332/AIMS/M1.02.X0.679.Z0.0332-0070.mod.txt

6 2.010151016174637e+33 6.981815205547327e+10 3.947620276129822e+33 0.01750 0.71300 3.775353302304860e+03 5806.22388
0.000022835242662 M1.01.X0.732.Z0.0090/AIMS/M1.01.X0.732.Z0.0090-0092.mod.txt
0.000018061353446 M1.01.X0.732.Z0.0090/AIMS/M1.01.X0.732.Z0.0090-0093.mod.txt
0.063028846883264 M1.02.X0.713.Z0.0175/AIMS/M1.02.X0.713.Z0.0175-0078.mod.txt
0.030866555180573 M1.02.X0.713.Z0.0175/AIMS/M1.02.X0.713.Z0.0175-0079.mod.txt
0.025279153515087 M1.01.X0.713.Z0.0175/AIMS/M1.01.X0.713.Z0.0175-0078.mod.txt
0.880784547824968 M1.01.X0.713.Z0.0175/AIMS/M1.01.X0.713.Z0.0175-0079.mod.txt

6 2.008218484988486e+33 6.979814821819939e+10 3.939993222051787e+33 0.01750 0.71300 3.819916193389044e+03 5804.24891
0.001254205902218 M1.00.X0.713.Z0.0175/AIMS/M1.00.X0.713.Z0.0175-0079.mod.txt
0.002040654865915 M1.00.X0.713.Z0.0175/AIMS/M1.00.X0.713.Z0.0175-0080.mod.txt
0.000028101251574 M1.01.X0.732.Z0.0090/AIMS/M1.01.X0.732.Z0.0090-0092.mod.txt
0.000067484970191 M1.01.X0.732.Z0.0090/AIMS/M1.01.X0.732.Z0.0090-0093.mod.txt
0.778542089702233 M1.01.X0.713.Z0.0175/AIMS/M1.01.X0.713.Z0.0175-0079.mod.txt
0.218067463307869 M1.01.X0.713.Z0.0175/AIMS/M1.01.X0.713.Z0.0175-0080.mod.txt

6 2.007504125340280e+33 6.979018544830380e+10 3.936979223128665e+33 0.01750 0.71300 3.836953249646388e+03 5803.46962
0.012259611429019 M1.00.X0.713.Z0.0175/AIMS/M1.00.X0.713.Z0.0175-0079.mod.txt
0.026961604610012 M1.00.X0.713.Z0.0175/AIMS/M1.00.X0.713.Z0.0175-0080.mod.txt
0.000000368647615 M1.01.X0.732.Z0.0090/AIMS/M1.01.X0.732.Z0.0090-0092.mod.txt
0.000001294256720 M1.01.X0.732.Z0.0090/AIMS/M1.01.X0.732.Z0.0090-0093.mod.txt
0.685691428054133 M1.01.X0.713.Z0.0175/AIMS/M1.01.X0.713.Z0.0175-0079.mod.txt
0.275085693002501 M1.01.X0.713.Z0.0175/AIMS/M1.01.X0.713.Z0.0175-0080.mod.txt

6 2.025185068134423e+33 6.994527501761856e+10 4.076530828774040e+33 0.01679 0.71458 3.280849259991830e+03 5847.73386
0.039113000909041 M1.01.X0.732.Z0.0090/AIMS/M1.01.X0.732.Z0.0090-0089.mod.txt
0.044123174619937 M1.01.X0.732.Z0.0090/AIMS/M1.01.X0.732.Z0.0090-0090.mod.txt
0.376092628551854 M1.02.X0.713.Z0.0175/AIMS/M1.02.X0.713.Z0.0175-0075.mod.txt
0.473890681366823 M1.02.X0.713.Z0.0175/AIMS/M1.02.X0.713.Z0.0175-0076.mod.txt
0.049436796566391 M1.01.X0.713.Z0.0175/AIMS/M1.01.X0.713.Z0.0175-0076.mod.txt
0.017343717985954 M1.01.X0.713.Z0.0175/AIMS/M1.01.X0.713.Z0.0175-0077.mod.txt

6 2.010942917222219e+33 6.982704235097601e+10 3.951040306049630e+33 0.01750 0.71300 3.757020342446091e+03 5807.11133
0.000167449711556 M1.01.X0.732.Z0.0090/AIMS/M1.01.X0.732.Z0.0090-0092.mod.txt
0.000083526992312 M1.01.X0.732.Z0.0090/AIMS/M1.01.X0.732.Z0.0090-0093.mod.txt
0.103625685072816 M1.02.X0.713.Z0.0175/AIMS/M1.02.X0.713.Z0.0175-0078.mod.txt
0.030095760422000 M1.02.X0.713.Z0.0175/AIMS/M1.02.X0.713.Z0.0175-0079.mod.txt
0.111718733205045 M1.01.X0.713.Z0.0175/AIMS/M1.01.X0.713.Z0.0175-0078.mod.txt
0.754308844596271 M1.01.X0.713.Z0.0175/AIMS/M1.01.X0.713.Z0.0175-0079.mod.txt

6 2.008781194829693e+33 6.980412615721877e+10 3.942225673974620e+33 0.01750 0.71300 3.806986040194338e+03 5804.82235
0.000024617405524 M1.01.X0.732.Z0.0090/AIMS/M1.01.X0.732.Z0.0090-0092.mod.txt
0.000042176524578 M1.01.X0.732.Z0.0090/AIMS/M1.01.X0.732.Z0.0090-0093.mod.txt
0.012263650467603 M1.02.X0.713.Z0.0175/AIMS/M1.02.X0.713.Z0.0175-0078.mod.txt
0.012741118678106 M1.02.X0.713.Z0.0175/AIMS/M1.02.X0.713.Z0.0175-0079.mod.txt
0.829484928448168 M1.01.X0.713.Z0.0175/AIMS/M1.01.X0.713.Z0.0175-0079.mod.txt
0.145443508476020 M1.01.X0.713.Z0.0175/AIMS/M1.01.X0.713.Z0.0175-0080.mod.txt

6 2.007302707244423e+33 6.978792531596808e+10 3.936252820998952e+33 0.01750 0.71300 3.841501401997992e+03 5803.29587
0.014540381604769 M1.00.X0.713.Z0.0175/AIMS/M1.00.X0.713.Z0.0175-0079.mod.txt
0.034810491236556 M1.00.X0.713.Z0.0175/AIMS/M1.00.X0.713.Z0.0175-0080.mod.txt
0.000024490443467 M1.01.X0.732.Z0.0090/AIMS/M1.01.X0.732.Z0.0090-0092.mod.txt
0.000096370411197 M1.01.X0.732.Z0.0090/AIMS/M1.01.X0.732.Z0.0090-0093.mod.txt
0.661464841424630 M1.01.X0.713.Z0.0175/AIMS/M1.01.X0.713.Z0.0175-0079.mod.txt
0.289063424879381 M1.01.X0.713.Z0.0175/AIMS/M1.01.X0.713.Z0.0175-0080.mod.txt

6 2.025417501004380e+33 6.997640066150883e+10 4.017988555245177e+33 0.01741 0.71320 3.407606135736284e+03 5825.32931
0.008219534746693 M1.01.X0.732.Z0.0090/AIMS/M1.01.X0.732.Z0.0090-0090.mod.txt
0.002507352462037 M1.01.X0.732.Z0.0090/AIMS/M1.01.X0.732.Z0.0090-0091.mod.txt
0.665902638861797 M1.02.X0.713.Z0.0175/AIMS/M1.02.X0.713.Z0.0175-0076.mod.txt
0.195770113319855 M1.02.X0.713.Z0.0175/AIMS/M1.02.X0.713.Z0.0175-0077.mod.txt
0.010796126069342 M1.01.X0.713.Z0.0175/AIMS/M1.01.X0.713.Z0.0175-0076.mod.txt
0.116804234540276 M1.01.X0.713.Z0.0175/AIMS/M1.01.X0.713.Z0.0175-0077.mod.txt

6 2.010009476887549e+33 6.981630158135585e+10 3.947526207288215e+33 0.01749 0.71301 3.777406222865498e+03 5806.26624
0.000353838717230 M1.01.X0.732.Z0.0090/AIMS/M1.01.X0.732.Z0.0090-0092.mod.txt
0.000294797760031 M1.01.X0.732.Z0.0090/AIMS/M1.01.X0.732.Z0.0090-0093.mod.txt
0.057188041631958 M1.02.X0.713.Z0.0175/AIMS/M1.02.X0.713.Z0.0175-0078.mod.txt
0.029589110226294 M1.02.X0.713.Z0.0175/AIMS/M1.02.X0.713.Z0.0175-0079.mod.txt
0.014563479484210 M1.01.X0.713.Z0.0175/AIMS/M1.01.X0.713.Z0.0175-0078.mod.txt
0.898010732180277 M1.01.X0.713.Z0.0175/AIMS/M1.01.X0.713.Z0.0175-0079.mod.txt

6 2.009373878139174e+33 6.981043847188332e+10 3.944850183651783e+33 0.01750 0.71301 3.792905085399841e+03 5805.52575
0.000158644521430 M1.01.X0.732.Z0.0090/AIMS/M1.01.X0.732.Z0.0090-0092.mod.txt
0.000192247925204 M1.01.X0.732.Z0.0090/AIMS/M1.01.X0.732.Z0.0090-0093.mod.txt
0.031245631058132 M1.02.X0.713.Z0.0175/AIMS/M1.02.X0.713.Z0.0175-0078.mod.txt
0.023566184430389 M1.02.X0.713.Z0.0175/AIMS/M1.02.X0.713.Z0.0175-0079.mod.txt
0.877599305358862 M1.01.X0.713.Z0.0175/AIMS/M1.01.X0.713.Z0.0175-0079.mod.txt
0.067237986705984 M1.01.X0.713.Z0.0175/AIMS/M1.01.X0.713.Z0.0175-0080.mod.txt

6 2.003535973584828e+33 6.974753602232986e+10 3.921173506561404e+33 0.01750 0.71300 3.931162249461082e+03 5799.40836
0.223772439438870 M1.00.X0.713.Z0.0175/AIMS/M1.00.X0.713.Z0.0175-0080.mod.txt
0.015013841750625 M1.00.X0.713.Z0.0175/AIMS/M1.00.X0.713.Z0.0175-0081.mod.txt
0.000206240605302 M1.01.X0.732.Z0.0090/AIMS/M1.01.X0.732.Z0.0090-0093.mod.txt
0.000044524442730 M1.01.X0.732.Z0.0090/AIMS/M1.01.X0.732.Z0.0090-0094.mod.txt
0.260017763385323 M1.01.X0.713.Z0.0175/AIMS/M1.01.X0.713.Z0.0175-0079.mod.txt
0.500945190377150 M1.01.X0.713.Z0.0175/AIMS/M1.01.X0.713.Z0.0175-0080.mod.txt

6 2.028005070906814e+33 6.999865272079503e+10 4.037649286248103e+33 0.01731 0.71342 3.328778283316433e+03 5831.51523
0.220463970527075 M1.02.X0.713.Z0.0175/AIMS/M1.02.X0.713.Z0.0175-0075.mod.txt
0.757532924508947 M1.02.X0.713.Z0.0175/AIMS/M1.02.X0.713.Z0.0175-0076.mod.txt
0.001981433808995 M1.01.X0.732.Z0.0090/AIMS/M1.01.X0.732.Z0.0090-0089.mod.txt
0.006212545932816 M1.01.X0.732.Z0.0090/AIMS/M1.01.X0.732.Z0.0090-0090.mod.txt
0.005441728541827 M1.02.X0.732.Z0.0090/AIMS/M1.02.X0.732.Z0.0090-0088.mod.txt
0.008367396680341 M1.02.X0.732.Z0.0090/AIMS/M1.02.X0.732.Z0.0090-0089.mod.txt

6 2.010389286982132e+33 6.982138564688393e+10 3.948646276069211e+33 0.01750 0.71300 3.770259102677561e+03 5806.46665
0.000003408550702 M1.01.X0.732.Z0.0090/AIMS/M1.01.X0.732.Z0.0090-0092.mod.txt
0.000002388773827 M1.01.X0.732.Z0.0090/AIMS/M1.01.X0.732.Z0.0090-0093.mod.txt
0.074056855450753 M1.02.X0.713.Z0.0175/AIMS/M1.02.X0.713.Z0.0175-0078.mod.txt
0.031821588631543 M1.02.X0.713.Z0.0175/AIMS/M1.02.X0.713.Z0.0175-0079.mod.txt
0.049522061675253 M1.01.X0.713.Z0.0175/AIMS/M1.01.X0.713.Z0.0175-0078.mod.txt
0.844593696917921 M1.01.X0.713.Z0.0175/AIMS/M1.01.X0.713.Z0.0175-0079.mod.txt

6 2.008829621145835e+33 6.980437831290193e+10 3.942350719756787e+33 0.01750 0.71300 3.805816030733138e+03 5804.85790
0.000011659543965 M1.01.X0.732.Z0.0090/AIMS/M1.01.X0.732.Z0.0090-0092.mod.txt
0.000019352291742 M1.01.X0.732.Z0.0090/AIMS/M1.01.X0.732.Z0.0090-0093.mod.txt
0.013651901136460 M1.02.X0.713.Z0.0175/AIMS/M1.02.X0.713.Z0.0175-0078.mod.txt
0.013788309376248 M1.02.X0.713.Z0.0175/AIMS/M1.02.X0.713.Z0.0175-0079.mod.txt
0.834174909049684 M1.01.X0.713.Z0.0175/AIMS/M1.01.X0.713.Z0.0175-0079.mod.txt
0.138353868601901 M1.01.X0.713.Z0.0175/AIMS/M1.01.X0.713.Z0.0175-0080.mod.txt

6 2.008036553207972e+33 6.979581561008511e+10 3.939141630395091e+33 0.01750 0.71300 3.824193366220669e+03 5804.03224
0.004531304145451 M1.00.X0.713.Z0.0175/AIMS/M1.00.X0.713.Z0.0175-0079.mod.txt
0.007913213659193 M1.00.X0.713.Z0.0175/AIMS/M1.00.X0.713.Z0.0175-0080.mod.txt
0.000007204818078 M1.01.X0.732.Z0.0090/AIMS/M1.01.X0.732.Z0.0090-0092.mod.txt
0.000018859100578 M1.01.X0.732.Z0.0090/AIMS/M1.01.X0.732.Z0.0090-0093.mod.txt
0.755257630536457 M1.01.X0.713.Z0.0175/AIMS/M1.01.X0.713.Z0.0175-0079.mod.txt
0.232271787740243 M1.01.X0.713.Z0.0175/AIMS/M1.01.X0.713.Z0.0175-0080.mod.txt

6 2.030184218834848e+33 7.002533287488594e+10 4.049320343218342e+33 0.01729 0.71347 3.278902132235572e+03 5834.61292
0.061349701552321 M1.03.X0.713.Z0.0175/AIMS/M1.03.X0.713.Z0.0175-0075.mod.txt
0.040049354716459 M1.03.X0.713.Z0.0175/AIMS/M1.03.X0.713.Z0.0175-0076.mod.txt
0.482351680273314 M1.02.X0.713.Z0.0175/AIMS/M1.02.X0.713.Z0.0175-0075.mod.txt
0.391643025027193 M1.02.X0.713.Z0.0175/AIMS/M1.02.X0.713.Z0.0175-0076.mod.txt
0.018165601294786 M1.02.X0.732.Z0.0090/AIMS/M1.02.X0.732.Z0.0090-0088.mod.txt
0.006440637135927 M1.02.X0.732.Z0.0090/AIMS/M1.02.X0.732.Z0.0090-0089.mod.txt

6 2.010160068104422e+33 6.981805071741118e+10 3.947861744438155e+33 0.01750 0.71301 3.774588117779601e+03 5806.31688
0.000176269863591 M1.01.X0.732.Z0.0090/AIMS/M1.01.X0.732.Z0.0090-0092.mod.txt
0.000136955755810 M1.01.X0.732.Z0.0090/AIMS/M1.01.X0.732.Z0.0090-0093.mod.txt
0.063729139406507 M1.02.X0.713.Z0.0175/AIMS/M1.02.X0.713.Z0.0175-0078.mod.txt
0.030621499520403 M1.02.X0.713.Z0.0175/AIMS/M1.02.X0.713.Z0.0175-0079.mod.txt
0.028952393775699 M1.01.X0.713.Z0.0175/AIMS/M1.01.X0.713.Z0.0175-0078.mod.txt
0.876383741677989 M1.01.X0.713.Z0.0175/AIMS/M1.01.X0.713.Z0.0175-0079.mod.txt

6 2.007973439307121e+33 6.979504329112866e+10 3.939066263976153e+33 0.01750 0.71300 3.825265174044308e+03 5804.03659
0.005626480487877 M1.00.X0.713.Z0.0175/AIMS/M1.00.X0.713.Z0.0175-0079.mod.txt
0.009992142167479 M1.00.X0.713.Z0.0175/AIMS/M1.00.X0.713.Z0.0175-0080.mod.txt
0.000068528085602 M1.01.X0.732.Z0.0090/AIMS/M1.01.X0.732.Z0.0090-0092.mod.txt
0.000183126924993 M1.01.X0.732.Z0.0090/AIMS/M1.01.X0.732.Z0.0090-0093.mod.txt
0.748872502645254 M1.01.X0.713.Z0.0175/AIMS/M1.01.X0.713.Z0.0175-0079.mod.txt
0.235257219688795 M1.01.X0.713.Z0.0175/AIMS/M1.01.X0.713.Z0.0175-0080.mod.txt

6 2.008610237872658e+33 6.980196690315047e+10 3.941608671217226e+33 0.01750 0.71300 3.810517651469062e+03 5804.68499
0.000071189599026 M1.01.X0.732.Z0.0090/AIMS/M1.01.X0.732.Z0.0090-0092.mod.txt
0.000133538596410 M1.01.X0.732.Z0.0090/AIMS/M1.01.X0.732.Z0.0090-0093.mod.txt
0.007721312640670 M1.02.X0.713.Z0.0175/AIMS/M1.02.X0.713.Z0.0175-0078.mod.txt
0.008685741908613 M1.02.X0.713.Z0.0175/AIMS/M1.02.X0.713.Z0.0175-0079.mod.txt
0.817556498029455 M1.01.X0.713.Z0.0175/AIMS/M1.01.X0.713.Z0.0175-0079.mod.txt
0.165831719225826 M1.01.X0.713.Z0.0175/AIMS/M1.01.X0.713.Z0.0175-0080.mod.txt

6 2.027625845035036e+33 7.000654951001364e+10 4.025111582730529e+33 0.01744 0.71314 3.366200722756621e+03 5826.65429
0.000110205075130 M1.01.X0.732.Z0.0090/AIMS/M1.01.X0.732.Z0.0090-0089.mod.txt
0.007316269674041 M1.01.X0.732.Z0.0090/AIMS/M1.01.X0.732.Z0.0090-0090.mod.txt
0.009178057630385 M1.02.X0.713.Z0.0175/AIMS/M1.02.X0.713.Z0.0175-0075.mod.txt
0.963556051957018 M1.02.X0.713.Z0.0175/AIMS/M1.02.X0.713.Z0.0175-0076.mod.txt
0.006260724910966 M1.01.X0.713.Z0.0175/AIMS/M1.01.X0.713.Z0.0175-0076.mod.txt
0.013578690752460 M1.01.X0.713.Z0.0175/AIMS/M1.01.X0.713.Z0.0175-0077.mod.txt

6 2.011519210034917e+33 6.983239461565895e+10 3.953633044680813e+33 0.01749 0.71301 3.742655804767437e+03 5807.84119
0.000536083761588 M1.01.X0.732.Z0.0090/AIMS/M1.01.X0.732.Z0.0090-0092.mod.txt
0.000175229500229 M1.01.X0.732.Z0.0090/AIMS/M1.01.X0.732.Z0.0090-0093.mod.txt
0.139486527254435 M1.02.X0.713.Z0.0175/AIMS/M1.02.X0.713.Z0.0175-0078.mod.txt
0.023217658770341 M1.02.X0.713.Z0.0175/AIMS/M1.02.X0.713.Z0.0175-0079.mod.txt
0.175117932537941 M1.01.X0.713.Z0.0175/AIMS/M1.01.X0.713.Z0.0175-0078.mod.txt
0.661466568175466 M1.01.X0.713.Z0.0175/AIMS/M1.01.X0.713.Z0.0175-0079.mod.txt

6 2.009261759366051e+33 6.980907543228500e+10 3.944167087177758e+33 0.01750 0.71300 3.795812915658336e+03 5805.33109
0.000047569102321 M1.01.X0.732.Z0.0090/AIMS/M1.01.X0.732.Z0.0090-0092.mod.txt
0.000061682763444 M1.01.X0.732.Z0.0090/AIMS/M1.01.X0.732.Z0.0090-0093.mod.txt
0.027248578410802 M1.02.X0.713.Z0.0175/AIMS/M1.02.X0.713.Z0.0175-0078.mod.txt
0.021924594293407 M1.02.X0.713.Z0.0175/AIMS/M1.02.X0.713.Z0.0175-0079.mod.txt
0.868228217523656 M1.01.X0.713.Z0.0175/AIMS/M1.01.X0.713.Z0.0175-0079.mod.txt
0.082489357906370 M1.01.X0.713.Z0.0175/AIMS/M1.01.X0.713.Z0.0175-0080.mod.txt

6 2.008548305695881e+33 6.980165562932758e+10 3.941392242897998e+33 0.01750 0.71300 3.812135496739702e+03 5804.61825
0.000061724304008 M1.01.X0.732.Z0.0090/AIMS/M1.01.X0.732.Z0.0090-0092.mod.txt
0.000121094327805 M1.01.X0.732.Z0.0090/AIMS/M1.01.X0.732.Z0.0090-0093.mod.txt
0.006127607553866 M1.02.X0.713.Z0.0175/AIMS/M1.02.X0.713.Z0.0175-0078.mod.txt
0.007164773047682 M1.02.X0.713.Z0.0175/AIMS/M1.02.X0.713.Z0.0175-0079.mod.txt
0.810859425353810 M1.01.X0.713.Z0.0175/AIMS/M1.01.X0.713.Z0.0175-0079.mod.txt
0.175665375412828 M1.01.X0.713.Z0.0175/AIMS/M1.01.X0.713.Z0.0175-0080.mod.txt

6 2.022473212624991e+33 6.994556067002188e+10 4.000133190803068e+33 0.01747 0.71307 3.485830567181117e+03 5820.12946
0.001179514407039 M1.01.X0.732.Z0.0090/AIMS/M1.01.X0.732.Z0.0090-0090.mod.txt
0.002738802735871 M1.01.X0.732.Z0.0090/AIMS/M1.01.X0.732.Z0.0090-0091.mod.txt
0.235471328006800 M1.02.X0.713.Z0.0175/AIMS/M1.02.X0.713.Z0.0175-0076.mod.txt
0.478128180391466 M1.02.X0.713.Z0.0175/AIMS/M1.02.X0.713.Z0.0175-0077.mod.txt
0.183838009883016 M1.01.X0.713.Z0.0175/AIMS/M1.01.X0.713.Z0.0175-0077.mod.txt
0.098644164575809 M1.01.X0.713.Z0.0175/AIMS/M1.01.X0.713.Z0.0175-0078.mod.txt

6 2.013811912486450e+33 6.985738331753410e+10 3.962554485582600e+33 0.01750 0.71301 3.691155356252943e+03 5810.07536
0.000017221912266 M1.01.X0.732.Z0.0090/AIMS/M1.01.X0.732.Z0.0090-0091.mod.txt
0.000256857142089 M1.01.X0.732.Z0.0090/AIMS/M1.01.X0.732.Z0.0090-0092.mod.txt
0.042069151279476 M1.02.X0.713.Z0.0175/AIMS/M1.02.X0.713.Z0.0175-0077.mod.txt
0.235938919855596 M1.02.X0.713.Z0.0175/AIMS/M1.02.X0.713.Z0.0175-0078.mod.txt
0.358577800122101 M1.01.X0.713.Z0.0175/AIMS/M1.01.X0.713.Z0.0175-0078.mod.txt
0.363140049688472 M1.01.X0.713.Z0.0175/AIMS/M1.01.X0.713.Z0.0175-0079.mod.txt

6 2.007679878957412e+33 6.979241883130980e+10 3.937907883250178e+33 0.01750 0.71300 3.832591351636148e+03 5803.71896
0.010014482872656 M1.00.X0.713.Z0.0175/AIMS/M1.00.X0.713.Z0.0175-0079.mod.txt
0.020367786418606 M1.00.X0.713.Z0.0175/AIMS/M1.00.X0.713.Z0.0175-0080.mod.txt
0.000047041706507 M1.01.X0.732.Z0.0090/AIMS/M1.01.X0.732.Z0.0090-0092.mod.txt
0.000149140862320 M1.01.X0.732.Z0.0090/AIMS/M1.01.X0.732.Z0.0090-0093.mod.txt
0.708240813053283 M1.01.X0.713.Z0.0175/AIMS/M1.01.X0.713.Z0.0175-0079.mod.txt
0.261180735086627 M1.01.X0.713.Z0.0175/AIMS/M1.01.X0.713.Z0.0175-0080.mod.txt

6 2.006872248789787e+33 6.978318312711301e+10 3.934421955396904e+33 0.01750 0.71300 3.851848990136546e+03 5802.81809
0.017981941465775 M1.00.X0.713.Z0.0175/AIMS/M1.00.X0.713.Z0.0175-0079.mod.txt
0.053017415314168 M1.00.X0.713.Z0.0175/AIMS/M1.00.X0.713.Z0.0175-0080.mod.txt
0.000005658663599 M1.01.X0.732.Z0.0090/AIMS/M1.01.X0.732.Z0.0090-0092.mod.txt
0.000029996443542 M1.01.X0.732.Z0.0090/AIMS/M1.01.X0.732.Z0.0090-0093.mod.txt
0.608356999881448 M1.01.X0.713.Z0.0175/AIMS/M1.01.X0.713.Z0.0175-0079.mod.txt
0.320607988231467 M1.01.X0.713.Z0.0175/AIMS/M1.01.X0.713.Z0.0175-0080.mod.txt

6 2.025296471193070e+33 6.995894823687682e+10 4.050358191427116e+33 0.01707 0.71397 3.336792245287233e+03 5837.75452
0.008084914571228 M1.01.X0.732.Z0.0090/AIMS/M1.01.X0.732.Z0.0090-0089.mod.txt
0.042839986695275 M1.01.X0.732.Z0.0090/AIMS/M1.01.X0.732.Z0.0090-0090.mod.txt
0.125249454621265 M1.02.X0.713.Z0.0175/AIMS/M1.02.X0.713.Z0.0175-0075.mod.txt
0.730336503589847 M1.02.X0.713.Z0.0175/AIMS/M1.02.X0.713.Z0.0175-0076.mod.txt
0.042060240375756 M1.01.X0.713.Z0.0175/AIMS/M1.01.X0.713.Z0.0175-0076.mod.txt
0.051428900146628 M1.01.X0.713.Z0.0175/AIMS/M1.01.X0.713.Z0.0175-0077.mod.txt

6 2.010355030354572e+33 6.981974573268990e+10 3.948669256768630e+33 0.01750 0.71301 3.769770425467761e+03 5806.54329
0.000242523958901 M1.01.X0.732.Z0.0090/AIMS/M1.01.X0.732.Z0.0090-0092.mod.txt
0.000167159414463 M1.01.X0.732.Z0.0090/AIMS/M1.01.X0.732.Z0.0090-0093.mod.txt
0.073251348474956 M1.02.X0.713.Z0.0175/AIMS/M1.02.X0.713.Z0.0175-0078.mod.txt
0.030904271851529 M1.02.X0.713.Z0.0175/AIMS/M1.02.X0.713.Z0.0175-0079.mod.txt
0.052944750646050 M1.01.X0.713.Z0.0175/AIMS/M1.01.X0.713.Z0.0175-0078.mod.txt
0.842489945654102 M1.01.X0.713.Z0.0175/AIMS/M1.01.X0.713.Z0.0175-0079.mod.txt

6 2.008075853409022e+33 6.979583399597716e+10 3.939242712405502e+33 0.01750 0.71300 3.823071375523161e+03 5804.06871
0.003867604781545 M1.00.X0.713.Z0.0175/AIMS/M1.00.X0.713.Z0.0175-0079.mod.txt
0.006600439423758 M1.00.X0.713.Z0.0175/AIMS/M1.00.X0.713.Z0.0175-0080.mod.txt
0.000007691161136 M1.01.X0.732.Z0.0090/AIMS/M1.01.X0.732.Z0.0090-0092.mod.txt
0.000019572063056 M1.01.X0.732.Z0.0090/AIMS/M1.01.X0.732.Z0.0090-0093.mod.txt
0.762014925950527 M1.01.X0.713.Z0.0175/AIMS/M1.01.X0.713.Z0.0175-0079.mod.txt
0.227489766619978 M1.01.X0.713.Z0.0175/AIMS/M1.01.X0.713.Z0.0175-0080.mod.txt

6 2.005524987023425e+33 6.976912634817122e+10 3.929087652724326e+33 0.01750 0.71300 3.884066061979026e+03 5801.43456
0.017165165447644 M1.00.X0.713.Z0.0175/AIMS/M1.00.X0.713.Z0.0175-0079.mod.txt
0.121590264876978 M1.00.X0.713.Z0.0175/AIMS/M1.00.X0.713.Z0.0175-0080.mod.txt
0.000001894865435 M1.01.X0.732.Z0.0090/AIMS/M1.01.X0.732.Z0.0090-0092.mod.txt
0.000087854366552 M1.01.X0.732.Z0.0090/AIMS/M1.01.X0.732.Z0.0090-0093.mod.txt
0.453316206916270 M1.01.X0.713.Z0.0175/AIMS/M1.01.X0.713.Z0.0175-0079.mod.txt
0.407838613527122 M1.01.X0.713.Z0.0175/AIMS/M1.01.X0.713.Z0.0175-0080.mod.txt

6 2.023657250831925e+33 6.993140113444691e+10 4.060961833913953e+33 0.01689 0.71437 3.333977856546953e+03 5842.72195
0.011354538379006 M1.01.X0.732.Z0.0090/AIMS/M1.01.X0.732.Z0.0090-0089.mod.txt
0.060972353358550 M1.01.X0.732.Z0.0090/AIMS/M1.01.X0.732.Z0.0090-0090.mod.txt
0.111877209594715 M1.02.X0.713.Z0.0175/AIMS/M1.02.X0.713.Z0.0175-0075.mod.txt
0.661269583400934 M1.02.X0.713.Z0.0175/AIMS/M1.02.X0.713.Z0.0175-0076.mod.txt
0.069264912065055 M1.01.X0.713.Z0.0175/AIMS/M1.01.X0.713.Z0.0175-0076.mod.txt
0.085261403201740 M1.01.X0.713.Z0.0175/AIMS/M1.01.X0.713.Z0.0175-0077.mod.txt

6 2.009037102343472e+33 6.980582225757829e+10 3.944182310582504e+33 0.01749 0.71303 3.798494802661903e+03 5805.47196
0.000553127459425 M1.01.X0.732.Z0.0090/AIMS/M1.01.X0.732.Z0.0090-0092.mod.txt
0.000768520275056 M1.01.X0.732.Z0.0090/AIMS/M1.01.X0.732.Z0.0090-0093.mod.txt
0.020378205133143 M1.02.X0.713.Z0.0175/AIMS/M1.02.X0.713.Z0.0175-0078.mod.txt
0.017496585828036 M1.02.X0.713.Z0.0175/AIMS/M1.02.X0.713.Z0.0175-0079.mod.txt
0.862283200650198 M1.01.X0.713.Z0.0175/AIMS/M1.01.X0.713.Z0.0175-0079.mod.txt
0.098520360654143 M1.01.X0.713.Z0.0175/AIMS/M1.01.X0.713.Z0.0175-0080.mod.txt

6 2.008676922167899e+33 6.980293946552592e+10 3.941783756830206e+33 0.01750 0.71300 3.809368316627957e+03 5804.70901
0.000018621757836 M1.01.X0.732.Z0.0090/AIMS/M1.01.X0.732.Z0.0090-0092.mod.txt
0.000033911225117 M1.01.X0.732.Z0.0090/AIMS/M1.01.X0.732.Z0.0090-0093.mod.txt
0.009426645079449 M1.02.X0.713.Z0.0175/AIMS/M1.02.X0.713.Z0.0175-0078.mod.txt
0.010334075494809 M1.02.X0.713.Z0.0175/AIMS/M1.02.X0.713.Z0.0175-0079.mod.txt
0.821072608429791 M1.01.X0.713.Z0.0175/AIMS/M1.01.X0.713.Z0.0175-0079.mod.txt
0.159114138012998 M1.01.X0.713.Z0.0175/AIMS/M1.01.X0.713.Z0.0175-0080.mod.txt

6 2.006865821059673e+33 6.978315191379121e+10 3.934415554489944e+33 0.01750 0.71300 3.851991268155074e+03 5802.81703
0.018018888802610 M1.00.X0.713.Z0.0175/AIMS/M1.00.X0.713.Z0.0175-0079.mod.txt
0.053303729399320 M1.00.X0.713.Z0.0175/AIMS/M1.00.X0.713.Z0.0175-0080.mod.txt
0.000008221962949 M1.01.X0.732.Z0.0090/AIMS/M1.01.X0.732.Z0.0090-0092.mod.txt
0.000043803716695 M1.01.X0.732.Z0.0090/AIMS/M1.01.X0.732.Z0.0090-0093.mod.txt
0.607554579683770 M1.01.X0.713.Z0.0175/AIMS/M1.01.X0.713.Z0.0175-0079.mod.txt
0.321070776434656 M1.01.X0.713.Z0.0175/AIMS/M1.01.X0.713.Z0.0175-0080.mod.txt

6 2.035287851298837e+33 7.009900936519952e+10 3.965367611436255e+33 0.01913 0.70947 3.376979470412697e+03 5801.08235
0.185565476333676 M1.02.X0.713.Z0.0175/AIMS/M1.02.X0.713.Z0.0175-0075.mod.txt
0.352418112537538 M1.02.X0.713.Z0.0175/AIMS/M1.02.X0.713.Z0.0175-0076.mod.txt
0.142450248775879 M1.03.X0.713.Z0.0175/AIMS/M1.03.X0.713.Z0.0175-0075.mod.txt
0.215619118496150 M1.03.X0.713.Z0.0175/AIMS/M1.03.X0.713.Z0.0175-0076.mod.txt
0.086836695587048 M1.02.X0.679.Z0.0332/AIMS/M1.02.X0.679.Z0.0332-0069.mod.txt
0.017110348269709 M1.02.X0.679.Z0.0332/AIMS/M1.02.X0.679.Z0.0332-0070.mod.txt

6 2.010057428474580e+33 6.981683090702666e+10 3.947780431100911e+33 0.01749 0.71301 3.776194447134896e+03 5806.33771
0.000396714094657 M1.01.X0.732.Z0.0090/AIMS/M1.01.X0.732.Z0.0090-0092.mod.txt
0.000321162932866 M1.01.X0.732.Z0.0090/AIMS/M1.01.X0.732.Z0.0090-0093.mod.txt
0.059381371573075 M1.02.X0.713.Z0.0175/AIMS/M1.02.X0.713.Z0.0175-0078.mod.txt
0.029807346722033 M1.02.X0.713.Z0.0175/AIMS/M1.02.X0.713.Z0.0175-0079.mod.txt
0.020535004922229 M1.01.X0.713.Z0.0175/AIMS/M1.01.X0.713.Z0.0175-0078.mod.txt
0.889558399755140 M1.01.X0.713.Z0.0175/AIMS/M1.01.X0.713.Z0.0175-0079.mod.txt

6 2.008398842002502e+33 6.979999207462866e+10 3.940646476803432e+33 0.01750 0.71300 3.815803770338525e+03 5804.41282
0.000007949409020 M1.01.X0.732.Z0.0090/AIMS/M1.01.X0.732.Z0.0090-0092.mod.txt
0.000017197019860 M1.01.X0.732.Z0.0090/AIMS/M1.01.X0.732.Z0.0090-0093.mod.txt
0.002544175048281 M1.02.X0.713.Z0.0175/AIMS/M1.02.X0.713.Z0.0175-0078.mod.txt
0.003231423548699 M1.02.X0.713.Z0.0175/AIMS/M1.02.X0.713.Z0.0175-0079.mod.txt
0.797208049294018 M1.01.X0.713.Z0.0175/AIMS/M1.01.X0.713.Z0.0175-0079.mod.txt
0.196991205680122 M1.01.X0.713.Z0.0175/AIMS/M1.01.X0.713.Z0.0175-0080.mod.txt

6 2.008330840543654e+33 6.979970844186801e+10 3.940622368857162e+33 0.01750 0.71300 3.817197940218169e+03 5804.41574
0.000073466253006 M1.01.X0.732.Z0.0090/AIMS/M1.01.X0.732.Z0.0090-0092.mod.txt
0.000165976938120 M1.01.X0.732.Z0.0090/AIMS/M1.01.X0.732.Z0.0090-0093.mod.txt
0.001016813454307 M1.02.X0.713.Z0.0175/AIMS/M1.02.X0.713.Z0.0175-0078.mod.txt
0.001338876731455 M1.02.X0.713.Z0.0175/AIMS/M1.02.X0.713.Z0.0175-0079.mod.txt
0.791114264911727 M1.01.X0.713.Z0.0175/AIMS/M1.01.X0.713.Z0.0175-0079.mod.txt
0.206290601711384 M1.01.X0.713.Z0.0175/AIMS/M1.01.X0.713.Z0.0175-0080.mod.txt

6 2.078526869197291e+33 7.069771793066222e+10 3.541138371828644e+33 0.03126 0.68319 3.658986502159027e+03 5615.35392
0.099708064320745 M1.04.X0.679.Z0.0332/AIMS/M1.04.X0.679.Z0.0332-0068.mod.txt
0.367659205982464 M1.04.X0.679.Z0.0332/AIMS/M1.04.X0.679.Z0.0332-0069.mod.txt
0.053754042643511 M1.05.X0.713.Z0.0175/AIMS/M1.05.X0.713.Z0.0175-0073.mod.txt
0.069577793402928 M1.05.X0.713.Z0.0175/AIMS/M1.05.X0.713.Z0.0175-0074.mod.txt
0.145387446102558 M1.05.X0.679.Z0.0332/AIMS/M1.05.X0.679.Z0.0332-0068.mod.txt
0.263913447547795 M1.05.X0.679.Z0.0332/AIMS/M1.05.X0.679.Z0.0332-0069.mod.txt

6 2.008857873597094e+33 6.980391214037970e+10 3.942523445428105e+33 0.01750 0.71300 3.804475863075927e+03 5804.94086
0.000088629527211 M1.01.X0.732.Z0.0090/AIMS/M1.01.X0.732.Z0.0090-0092.mod.txt
0.000141755675777 M1.01.X0.732.Z0.0090/AIMS/M1.01.X0.732.Z0.0090-0093.mod.txt
0.014598839103569 M1.02.X0.713.Z0.0175/AIMS/M1.02.X0.713.Z0.0175-0078.mod.txt
0.014262234980827 M1.02.X0.713.Z0.0175/AIMS/M1.02.X0.713.Z0.0175-0079.mod.txt
0.840699925627195 M1.01.X0.713.Z0.0175/AIMS/M1.01.X0.713.Z0.0175-0079.mod.txt
0.130208615085421 M1.01.X0.713.Z0.0175/AIMS/M1.01.X0.713.Z0.0175-0080.mod.txt

6 2.008468439607652e+33 6.980108180654483e+10 3.940992431808211e+33 0.01750 0.71300 3.814333954245312e+03 5804.49490
0.000014104062200 M1.01.X0.732.Z0.0090/AIMS/M1.01.X0.732.Z0.0090-0092.mod.txt
0.000029377730321 M1.01.X0.732.Z0.0090/AIMS/M1.01.X0.732.Z0.0090-0093.mod.txt
0.004158850640324 M1.02.X0.713.Z0.0175/AIMS/M1.02.X0.713.Z0.0175-0078.mod.txt
0.005116929265736 M1.02.X0.713.Z0.0175/AIMS/M1.02.X0.713.Z0.0175-0079.mod.txt
0.802010873153930 M1.01.X0.713.Z0.0175/AIMS/M1.01.X0.713.Z0.0175-0079.mod.txt
0.188669865147489 M1.01.X0.713.Z0.0175/AIMS/M1.01.X0.713.Z0.0175-0080.mod.txt

6 2.008644977464798e+33 6.980242529515796e+10 3.941746438814575e+33 0.01750 0.71300 3.809789910256683e+03 5804.71665
0.000066093027637 M1.01.X0.732.Z0.0090/AIMS/M1.01.X0.732.Z0.0090-0092.mod.txt
0.000121685517725 M1.01.X0.732.Z0.0090/AIMS/M1.01.X0.732.Z0.0090-0093.mod.txt
0.008616948401004 M1.02.X0.713.Z0.0175/AIMS/M1.02.X0.713.Z0.0175-0078.mod.txt
0.009537219009907 M1.02.X0.713.Z0.0175/AIMS/M1.02.X0.713.Z0.0175-0079.mod.txt
0.820009791270961 M1.01.X0.713.Z0.0175/AIMS/M1.01.X0.713.Z0.0175-0079.mod.txt
0.161648262772767 M1.01.X0.713.Z0.0175/AIMS/M1.01.X0.713.Z0.0175-0080.mod.txt

6 2.025739637691018e+33 6.999643772052620e+10 3.946455364543507e+33 0.01876 0.71027 3.556203170990654e+03 5798.39691
0.124766012056760 M1.02.X0.713.Z0.0175/AIMS/M1.02.X0.713.Z0.0175-0076.mod.txt
0.753107539090807 M1.02.X0.713.Z0.0175/AIMS/M1.02.X0.713.Z0.0175-0077.mod.txt
0.044973426016792 M1.01.X0.679.Z0.0332/AIMS/M1.01.X0.679.Z0.0332-0071.mod.txt
0.035311867798910 M1.01.X0.679.Z0.0332/AIMS/M1.01.X0.679.Z0.0332-0072.mod.txt
0.019522643032591 M1.01.X0.713.Z0.0175/AIMS/M1.01.X0.713.Z0.0175-0077.mod.txt
0.022318512004140 M1.01.X0.713.Z0.0175/AIMS/M1.01.X0.713.Z0.0175-0078.mod.txt

6 2.011443713387364e+33 6.983174441386740e+10 3.952833724523677e+33 0.01750 0.71300 3.745486056897244e+03 5807.57466
0.000080443987838 M1.01.X0.732.Z0.0090/AIMS/M1.01.X0.732.Z0.0090-0092.mod.txt
0.000028634623466 M1.01.X0.732.Z0.0090/AIMS/M1.01.X0.732.Z0.0090-0093.mod.txt
0.133784125738294 M1.02.X0.713.Z0.0175/AIMS/M1.02.X0.713.Z0.0175-0078.mod.txt
0.025123206154893 M1.02.X0.713.Z0.0175/AIMS/M1.02.X0.713.Z0.0175-0079.mod.txt
0.163407621886496 M1.01.X0.713.Z0.0175/AIMS/M1.01.X0.713.Z0.0175-0078.mod.txt
0.677575967609012 M1.01.X0.713.Z0.0175/AIMS/M1.01.X0.713.Z0.0175-0079.mod.txt

6 2.009262083517017e+33 6.980885908701930e+10 3.944201452451134e+33 0.01750 0.71300 3.795575365248838e+03 5805.35273
0.000080859908175 M1.01.X0.732.Z0.0090/AIMS/M1.01.X0.732.Z0.0090-0092.mod.txt
0.000104172381595 M1.01.X0.732.Z0.0090/AIMS/M1.01.X0.732.Z0.0090-0093.mod.txt
0.027332427639010 M1.02.X0.713.Z0.0175/AIMS/M1.02.X0.713.Z0.0175-0078.mod.txt
0.021857047165669 M1.02.X0.713.Z0.0175/AIMS/M1.02.X0.713.Z0.0175-0079.mod.txt
0.869561294091705 M1.01.X0.713.Z0.0175/AIMS/M1.01.X0.713.Z0.0175-0079.mod.txt
0.081064198813847 M1.01.X0.713.Z0.0175/AIMS/M1.01.X0.713.Z0.0175-0080.mod.txt

6 2.004178208406511e+33 6.975440768855467e+10 3.923626003399390e+33 0.01750 0.71300 3.916083156025466e+03 5800.02925
0.205859552349981 M1.00.X0.713.Z0.0175/AIMS/M1.00.X0.713.Z0.0175-0080.mod.txt
0.000627653116162 M1.00.X0.713.Z0.0175/AIMS/M1.00.X0.713.Z0.0175-0081.mod.txt
0.000085457795071 M1.01.X0.732.Z0.0090/AIMS/M1.01.X0.732.Z0.0090-0093.mod.txt
0.000010997656082 M1.01.X0.732.Z0.0090/AIMS/M1.01.X0.732.Z0.0090-0094.mod.txt
0.317952256004202 M1.01.X0.713.Z0.0175/AIMS/M1.01.X0.713.Z0.0175-0079.mod.txt
0.475464083078502 M1.01.X0.713.Z0.0175/AIMS/M1.01.X0.713.Z0.0175-0080.mod.txt

6 2.026049751879039e+33 6.997758801019041e+10 4.027289010364459e+33 0.01734 0.71337 3.376606816548330e+03 5828.64791
0.018363559439854 M1.01.X0.732.Z0.0090/AIMS/M1.01.X0.732.Z0.0090-0090.mod.txt
0.000973455685854 M1.01.X0.732.Z0.0090/AIMS/M1.01.X0.732.Z0.0090-0091.mod.txt
0.846449198834636 M1.02.X0.713.Z0.0175/AIMS/M1.02.X0.713.Z0.0175-0076.mod.txt
0.047020519483548 M1.02.X0.713.Z0.0175/AIMS/M1.02.X0.713.Z0.0175-0077.mod.txt
0.022230873760835 M1.01.X0.713.Z0.0175/AIMS/M1.01.X0.713.Z0.0175-0076.mod.txt
0.064962392795273 M1.01.X0.713.Z0.0175/AIMS/M1.01.X0.713.Z0.0175-0077.mod.txt

6 2.037155674588375e+33 7.015336009872797e+10 3.802425569840366e+33 0.02255 0.70207 3.700542789554793e+03 5738.32381
0.008307702307096 M1.02.X0.713.Z0.0175/AIMS/M1.02.X0.713.Z0.0175-0076.mod.txt
0.218284130860351 M1.02.X0.713.Z0.0175/AIMS/M1.02.X0.713.Z0.0175-0077.mod.txt
0.039804502227432 M1.03.X0.713.Z0.0175/AIMS/M1.03.X0.713.Z0.0175-0076.mod.txt
0.412200858282279 M1.03.X0.713.Z0.0175/AIMS/M1.03.X0.713.Z0.0175-0077.mod.txt
0.196801380816052 M1.02.X0.679.Z0.0332/AIMS/M1.02.X0.679.Z0.0332-0070.mod.txt
0.124601425506790 M1.02.X0.679.Z0.0332/AIMS/M1.02.X0.679.Z0.0332-0071.mod.txt

6 2.008145871138626e+33 6.979706072372401e+10 3.939688787222350e+33 0.01750 0.71300 3.821435181483279e+03 5804.18201
0.002606458325930 M1.00.X0.713.Z0.0175/AIMS/M1.00.X0.713.Z0.0175-0079.mod.txt
0.004340275800737 M1.00.X0.713.Z0.0175/AIMS/M1.00.X0.713.Z0.0175-0080.mod.txt
0.000039117734267 M1.01.X0.732.Z0.0090/AIMS/M1.01.X0.732.Z0.0090-0092.mod.txt
0.000096612619734 M1.01.X0.732.Z0.0090/AIMS/M1.01.X0.732.Z0.0090-0093.mod.txt
0.770293106919823 M1.01.X0.713.Z0.0175/AIMS/M1.01.X0.713.Z0.0175-0079.mod.txt
0.222624428599509 M1.01.X0.713.Z0.0175/AIMS/M1.01.X0.713.Z0.0175-0080.mod.txt

6 2.008358775163816e+33 6.979931201862012e+10 3.940695922217845e+33 0.01750 0.71301 3.816114190915177e+03 5804.45930
0.000098220021071 M1.01.X0.732.Z0.0090/AIMS/M1.01.X0.732.Z0.0090-0092.mod.txt
0.000214451009781 M1.01.X0.732.Z0.0090/AIMS/M1.01.X0.732.Z0.0090-0093.mod.txt
0.001649408055843 M1.02.X0.713.Z0.0175/AIMS/M1.02.X0.713.Z0.0175-0078.mod.txt
0.002111161438006 M1.02.X0.713.Z0.0175/AIMS/M1.02.X0.713.Z0.0175-0079.mod.txt
0.796740316469793 M1.01.X0.713.Z0.0175/AIMS/M1.01.X0.713.Z0.0175-0079.mod.txt
0.199186443005505 M1.01.X0.713.Z0.0175/AIMS/M1.01.X0.713.Z0.0175-0080.mod.txt

6 2.061850562198696e+33 7.047099543479115e+10 3.691501560570808e+33 0.02679 0.69288 3.570294931730667e+03 5683.15719
0.311485386669478 M1.04.X0.679.Z0.0332/AIMS/M1.04.X0.679.Z0.0332-0068.mod.txt
0.280391419457201 M1.04.X0.679.Z0.0332/AIMS/M1.04.X0.679.Z0.0332-0069.mod.txt
0.136983971720364 M1.03.X0.713.Z0.0175/AIMS/M1.03.X0.713.Z0.0175-0075.mod.txt
0.169062990727039 M1.03.X0.713.Z0.0175/AIMS/M1.03.X0.713.Z0.0175-0076.mod.txt
0.060573464013713 M1.04.X0.713.Z0.0175/AIMS/M1.04.X0.713.Z0.0175-0074.mod.txt
0.041502767412205 M1.04.X0.713.Z0.0175/AIMS/M1.04.X0.713.Z0.0175-0075.mod.txt

6 2.012158512324264e+33 6.983952534753436e+10 3.955641661322492e+33 0.01750 0.71300 3.729350808955025e+03 5808.28217
0.000007001958452 M1.01.X0.732.Z0.0090/AIMS/M1.01.X0.732.Z0.0090-0092.mod.txt
0.000001391092839 M1.01.X0.732.Z0.0090/AIMS/M1.01.X0.732.Z0.0090-0093.mod.txt
0.182011906367384 M1.02.X0.713.Z0.0175/AIMS/M1.02.X0.713.Z0.0175-0078.mod.txt
0.012843873368253 M1.02.X0.713.Z0.0175/AIMS/M1.02.X0.713.Z0.0175-0079.mod.txt
0.228824425733478 M1.01.X0.713.Z0.0175/AIMS/M1.01.X0.713.Z0.0175-0078.mod.txt
0.576311401479595 M1.01.X0.713.Z0.0175/AIMS/M1.01.X0.713.Z0.0175-0079.mod.txt

6 2.008281997796240e+33 6.979902801927957e+10 3.940256434139324e+33 0.01750 0.71300 3.818540361378143e+03 5804.30927
0.000038844638117 M1.00.X0.713.Z0.0175/AIMS/M1.00.X0.713.Z0.0175-0079.mod.txt
0.000061849576317 M1.00.X0.713.Z0.0175/AIMS/M1.00.X0.713.Z0.0175-0080.mod.txt
0.000020667472621 M1.01.X0.732.Z0.0090/AIMS/M1.01.X0.732.Z0.0090-0092.mod.txt
0.000048357873421 M1.01.X0.732.Z0.0090/AIMS/M1.01.X0.732.Z0.0090-0093.mod.txt
0.786127335731288 M1.01.X0.713.Z0.0175/AIMS/M1.01.X0.713.Z0.0175-0079.mod.txt
0.213702944708237 M1.01.X0.713.Z0.0175/AIMS/M1.01.X0.713.Z0.0175-0080.mod.txt

6 2.008283432511758e+33 6.979851466213304e+10 3.940190875848124e+33 0.01750 0.71300 3.818252888642223e+03 5804.30647
0.000011073988809 M1.00.X0.713.Z0.0175/AIMS/M1.00.X0.713.Z0.0175-0079.mod.txt
0.000017465954955 M1.00.X0.713.Z0.0175/AIMS/M1.00.X0.713.Z0.0175-0080.mod.txt
0.000022921418977 M1.01.X0.732.Z0.0090/AIMS/M1.01.X0.732.Z0.0090-0092.mod.txt
0.000053025885001 M1.01.X0.732.Z0.0090/AIMS/M1.01.X0.732.Z0.0090-0093.mod.txt
0.788408343719639 M1.01.X0.713.Z0.0175/AIMS/M1.01.X0.713.Z0.0175-0079.mod.txt
0.211487169032618 M1.01.X0.713.Z0.0175/AIMS/M1.01.X0.713.Z0.0175-0080.mod.txt

6 2.030875925416135e+33 7.002010886417131e+10 4.062572599481873e+33 0.01717 0.71373 3.236007711085514e+03 5839.59865
0.118794072590167 M1.03.X0.713.Z0.0175/AIMS/M1.03.X0.713.Z0.0175-0075.mod.txt
0.017392077889378 M1.03.X0.713.Z0.0175/AIMS/M1.03.X0.713.Z0.0175-0076.mod.txt
0.675738815992560 M1.02.X0.713.Z0.0175/AIMS/M1.02.X0.713.Z0.0175-0075.mod.txt
0.149494859825480 M1.02.X0.713.Z0.0175/AIMS/M1.02.X0.713.Z0.0175-0076.mod.txt
0.000755882857941 M1.02.X0.732.Z0.0090/AIMS/M1.02.X0.732.Z0.0090-0087.mod.txt
0.037824290844474 M1.02.X0.732.Z0.0090/AIMS/M1.02.X0.732.Z0.0090-0088.mod.txt

6 2.008935919598219e+33 6.980440587690511e+10 3.943126783242983e+33 0.01749 0.71301 3.801855221491225e+03 5805.14241
0.000250016746694 M1.01.X0.732.Z0.0090/AIMS/M1.01.X0.732.Z0.0090-0092.mod.txt
0.000374815828479 M1.01.X0.732.Z0.0090/AIMS/M1.01.X0.732.Z0.0090-0093.mod.txt
0.017066258457791 M1.02.X0.713.Z0.0175/AIMS/M1.02.X0.713.Z0.0175-0078.mod.txt
0.015719881062389 M1.02.X0.713.Z0.0175/AIMS/M1.02.X0.713.Z0.0175-0079.mod.txt
0.850887698916375 M1.01.X0.713.Z0.0175/AIMS/M1.01.X0.713.Z0.0175-0079.mod.txt
0.115701328988272 M1.01.X0.713.Z0.0175/AIMS/M1.01.X0.713.Z0.0175-0080.mod.txt

6 2.007792425901147e+33 6.979250972726378e+10 3.938300586962939e+33 0.01750 0.71301 3.829199389982486e+03 5803.85986
0.008545864180540 M1.00.X0.713.Z0.0175/AIMS/M1.00.X0.713.Z0.0175-0079.mod.txt
0.016176228901990 M1.00.X0.713.Z0.0175/AIMS/M1.00.X0.713.Z0.0175-0080.mod.txt
0.000080491603363 M1.01.X0.732.Z0.0090/AIMS/M1.01.X0.732.Z0.0090-0092.mod.txt
0.000232897731252 M1.01.X0.732.Z0.0090/AIMS/M1.01.X0.732.Z0.0090-0093.mod.txt
0.727817759128586 M1.01.X0.713.Z0.0175/AIMS/M1.01.X0.713.Z0.0175-0079.mod.txt
0.247146758454269 M1.01.X0.713.Z0.0175/AIMS/M1.01.X0.713.Z0.0175-0080.mod.txt

6 2.007039270776730e+33 6.978526374315575e+10 3.935170852048765e+33 0.01750 0.71300 3.847936609173727e+03 5803.00770
0.016802356117592 M1.00.X0.713.Z0.0175/AIMS/M1.00.X0.713.Z0.0175-0079.mod.txt
0.045797182369138 M1.00.X0.713.Z0.0175/AIMS/M1.00.X0.713.Z0.0175-0080.mod.txt
0.000012716390421 M1.01.X0.732.Z0.0090/AIMS/M1.01.X0.732.Z0.0090-0092.mod.txt
0.000060037947271 M1.01.X0.732.Z0.0090/AIMS/M1.01.X0.732.Z0.0090-0093.mod.txt
0.627906375673016 M1.01.X0.713.Z0.0175/AIMS/M1.01.X0.713.Z0.0175-0079.mod.txt
0.309421331502563 M1.01.X0.713.Z0.0175/AIMS/M1.01.X0.713.Z0.0175-0080.mod.txt

6 2.028017371507825e+33 6.999518021444275e+10 4.043078011647984e+33 0.01726 0.71355 3.316108349997113e+03 5833.61910
0.287956932275127 M1.02.X0.713.Z0.0175/AIMS/M1.02.X0.713.Z0.0175-0075.mod.txt
0.683301989804016 M1.02.X0.713.Z0.0175/AIMS/M1.02.X0.713.Z0.0175-0076.mod.txt
0.002397484206972 M1.01.X0.732.Z0.0090/AIMS/M1.01.X0.732.Z0.0090-0089.mod.txt
0.005177877499664 M1.01.X0.732.Z0.0090/AIMS/M1.01.X0.732.Z0.0090-0090.mod.txt
0.009926238416855 M1.02.X0.732.Z0.0090/AIMS/M1.02.X0.732.Z0.0090-0088.mod.txt
0.011239477797367 M1.02.X0.732.Z0.0090/AIMS/M1.02.X0.732.Z0.0090-0089.mod.txt

6 2.012562746288914e+33 6.984398716331625e+10 3.957518117374297e+33 0.01750 0.71301 3.719712172540305e+03 5808.78533
0.000243742001333 M1.01.X0.732.Z0.0090/AIMS/M1.01.X0.732.Z0.0090-0092.mod.txt
0.000029671088773 M1.01.X0.732.Z0.0090/AIMS/M1.01.X0.732.Z0.0090-0093.mod.txt
0.212731449542166 M1.02.X0.713.Z0.0175/AIMS/M1.02.X0.713.Z0.0175-0078.mod.txt
0.002453940163852 M1.02.X0.713.Z0.0175/AIMS/M1.02.X0.713.Z0.0175-0079.mod.txt
0.264677636224244 M1.01.X0.713.Z0.0175/AIMS/M1.01.X0.713.Z0.0175-0078.mod.txt
0.519863560979632 M1.01.X0.713.Z0.0175/AIMS/M1.01.X0.713.Z0.0175-0079.mod.txt

6 2.011235316768824e+33 6.982989948150674e+10 3.949234908850112e+33 0.01755 0.71289 3.756219236879842e+03 5806.32904
0.117324557411594 M1.02.X0.713.Z0.0175/AIMS/M1.02.X0.713.Z0.0175-0078.mod.txt
0.031102155967185 M1.02.X0.713.Z0.0175/AIMS/M1.02.X0.713.Z0.0175-0079.mod.txt
0.000983740810814 M1.01.X0.679.Z0.0332/AIMS/M1.01.X0.679.Z0.0332-0072.mod.txt
0.002361953629614 M1.01.X0.679.Z0.0332/AIMS/M1.01.X0.679.Z0.0332-0073.mod.txt
0.122258752702150 M1.01.X0.713.Z0.0175/AIMS/M1.01.X0.713.Z0.0175-0078.mod.txt
0.725968839478643 M1.01.X0.713.Z0.0175/AIMS/M1.01.X0.713.Z0.0175-0079.mod.txt

6 2.005392266219455e+33 6.976731890341400e+10 3.928474452449792e+33 0.01750 0.71300 3.887101561884486e+03 5801.28334
0.016341363063858 M1.00.X0.713.Z0.0175/AIMS/M1.00.X0.713.Z0.0175-0079.mod.txt
0.129088821031127 M1.00.X0.713.Z0.0175/AIMS/M1.00.X0.713.Z0.0175-0080.mod.txt
0.000000581907696 M1.01.X0.732.Z0.0090/AIMS/M1.01.X0.732.Z0.0090-0092.mod.txt
0.000063593988270 M1.01.X0.732.Z0.0090/AIMS/M1.01.X0.732.Z0.0090-0093.mod.txt
0.440205455604587 M1.01.X0.713.Z0.0175/AIMS/M1.01.X0.713.Z0.0175-0079.mod.txt
0.414300184404462 M1.01.X0.713.Z0.0175/AIMS/M1.01.X0.713.Z0.0175-0080.mod.txt

6 2.041011797751139e+33 7.015189363687538e+10 3.977138389381552e+33 0.01932 0.70906 3.264999170659208e+03 5803.19392
0.036738494472686 M1.02.X0.713.Z0.0175/AIMS/M1.02.X0.713.Z0.0175-0074.mod.txt
0.201342390566739 M1.02.X0.713.Z0.0175/AIMS/M1.02.X0.713.Z0.0175-0075.mod.txt
0.134236498852171 M1.03.X0.713.Z0.0175/AIMS/M1.03.X0.713.Z0.0175-0074.mod.txt
0.511699819350362 M1.03.X0.713.Z0.0175/AIMS/M1.03.X0.713.Z0.0175-0075.mod.txt
0.068524790241805 M1.02.X0.679.Z0.0332/AIMS/M1.02.X0.679.Z0.0332-0068.mod.txt
0.047458006516237 M1.02.X0.679.Z0.0332/AIMS/M1.02.X0.679.Z0.0332-0069.mod.txt

6 2.012085240250517e+33 6.983857427567302e+10 3.955545527102023e+33 0.01750 0.71301 3.730509726306935e+03 5808.28643
0.000221162296021 M1.01.X0.732.Z0.0090/AIMS/M1.01.X0.732.Z0.0090-0092.mod.txt
0.000046233440259 M1.01.X0.732.Z0.0090/AIMS/M1.01.X0.732.Z0.0090-0093.mod.txt
0.177266028680530 M1.02.X0.713.Z0.0175/AIMS/M1.02.X0.713.Z0.0175-0078.mod.txt
0.013904774503785 M1.02.X0.713.Z0.0175/AIMS/M1.02.X0.713.Z0.0175-0079.mod.txt
0.224420318780930 M1.01.X0.713.Z0.0175/AIMS/M1.01.X0.713.Z0.0175-0078.mod.txt
0.584141482298475 M1.01.X0.713.Z0.0175/AIMS/M1.01.X0.713.Z0.0175-0079.mod.txt

6 2.008804113006140e+33 6.980406166300803e+10 3.942242303308052e+33 0.01750 0.71300 3.806379636131619e+03 5804.83116
0.000011797195361 M1.01.X0.732.Z0.0090/AIMS/M1.01.X0.732.Z0.0090-0092.mod.txt
0.000019858665948 M1.01.X0.732.Z0.0090/AIMS/M1.01.X0.732.Z0.0090-0093.mod.txt
0.012931421748731 M1.02.X0.713.Z0.0175/AIMS/M1.02.X0.713.Z0.0175-0078.mod.txt
0.013225941263749 M1.02.X0.713.Z0.0175/AIMS/M1.02.X0.713.Z0.0175-0079.mod.txt
0.832273619946609 M1.01.X0.713.Z0.0175/AIMS/M1.01.X0.713.Z0.0175-0079.mod.txt
0.141537361179602 M1.01.X0.713.Z0.0175/AIMS/M1.01.X0.713.Z0.0175-0080.mod.txt

6 2.007716413670055e+33 6.979226302418434e+10 3.937904491127480e+33 0.01750 0.71300 3.831613132425460e+03 5803.72419
0.009550625399623 M1.00.X0.713.Z0.0175/AIMS/M1.00.X0.713.Z0.0175-0079.mod.txt
0.018994251382943 M1.00.X0.713.Z0.0175/AIMS/M1.00.X0.713.Z0.0175-0080.mod.txt
0.000027803327935 M1.01.X0.732.Z0.0090/AIMS/M1.01.X0.732.Z0.0090-0092.mod.txt
0.000085651837104 M1.01.X0.732.Z0.0090/AIMS/M1.01.X0.732.Z0.0090-0093.mod.txt
0.714427486663125 M1.01.X0.713.Z0.0175/AIMS/M1.01.X0.713.Z0.0175-0079.mod.txt
0.256914181389270 M1.01.X0.713.Z0.0175/AIMS/M1.01.X0.713.Z0.0175-0080.mod.txt

6 2.028769575169812e+33 6.999585709363882e+10 4.066118597617060e+33 0.01705 0.71400 3.258545607185958e+03 5841.88427
0.020685112526537 M1.03.X0.713.Z0.0175/AIMS/M1.03.X0.713.Z0.0175-0075.mod.txt
0.009569120515700 M1.03.X0.713.Z0.0175/AIMS/M1.03.X0.713.Z0.0175-0076.mod.txt
0.578208440651943 M1.02.X0.713.Z0.0175/AIMS/M1.02.X0.713.Z0.0175-0075.mod.txt
0.338883864936540 M1.02.X0.713.Z0.0175/AIMS/M1.02.X0.713.Z0.0175-0076.mod.txt
0.043233923781439 M1.02.X0.732.Z0.0090/AIMS/M1.02.X0.732.Z0.0090-0088.mod.txt
0.009419537587841 M1.02.X0.732.Z0.0090/AIMS/M1.02.X0.732.Z0.0090-0089.mod.txt

6 2.014143101646388e+33 6.986120043079906e+10 3.963810960926090e+33 0.01750 0.71300 3.683945924572732e+03 5810.37714
0.000014423532471 M1.01.X0.732.Z0.0090/AIMS/M1.01.X0.732.Z0.0090-0091.mod.txt
0.000121804317754 M1.01.X0.732.Z0.0090/AIMS/M1.01.X0.732.Z0.0090-0092.mod.txt
0.056666165327914 M1.02.X0.713.Z0.0175/AIMS/M1.02.X0.713.Z0.0175-0077.mod.txt
0.237997968970413 M1.02.X0.713.Z0.0175/AIMS/M1.02.X0.713.Z0.0175-0078.mod.txt
0.378705358752503 M1.01.X0.713.Z0.0175/AIMS/M1.01.X0.713.Z0.0175-0078.mod.txt
0.326494279098945 M1.01.X0.713.Z0.0175/AIMS/M1.01.X0.713.Z0.0175-0079.mod.txt

6 2.007433009959624e+33 6.978915134650259e+10 3.936849057659736e+33 0.01750 0.71300 3.838129149015024e+03 5803.46464
0.013209646571674 M1.00.X0.713.Z0.0175/AIMS/M1.00.X0.713.Z0.0175-0079.mod.txt
0.029588082274427 M1.00.X0.713.Z0.0175/AIMS/M1.00.X0.713.Z0.0175-0080.mod.txt
0.000050243769266 M1.01.X0.732.Z0.0090/AIMS/M1.01.X0.732.Z0.0090-0092.mod.txt
0.000180737873475 M1.01.X0.732.Z0.0090/AIMS/M1.01.X0.732.Z0.0090-0093.mod.txt
0.679252615702141 M1.01.X0.713.Z0.0175/AIMS/M1.01.X0.713.Z0.0175-0079.mod.txt
0.277718673809018 M1.01.X0.713.Z0.0175/AIMS/M1.01.X0.713.Z0.0175-0080.mod.txt

6 2.008929151531783e+33 6.980514421464311e+10 3.942719695285489e+33 0.01750 0.71300 3.803373592975301e+03 5804.96187
0.000017779085577 M1.01.X0.732.Z0.0090/AIMS/M1.01.X0.732.Z0.0090-0092.mod.txt
0.000027699443157 M1.01.X0.732.Z0.0090/AIMS/M1.01.X0.732.Z0.0090-0093.mod.txt
0.016604712337856 M1.02.X0.713.Z0.0175/AIMS/M1.02.X0.713.Z0.0175-0078.mod.txt
0.015841049670948 M1.02.X0.713.Z0.0175/AIMS/M1.02.X0.713.Z0.0175-0079.mod.txt
0.843386010467207 M1.01.X0.713.Z0.0175/AIMS/M1.01.X0.713.Z0.0175-0079.mod.txt
0.124122748995256 M1.01.X0.713.Z0.0175/AIMS/M1.01.X0.713.Z0.0175-0080.mod.txt

6 2.020277547083917e+33 6.988493487279945e+10 4.070087596321206e+33 0.01665 0.71490 3.359348202986700e+03 5847.94480
0.097493021121445 M1.01.X0.732.Z0.0090/AIMS/M1.01.X0.732.Z0.0090-0090.mod.txt
0.002732497338800 M1.01.X0.732.Z0.0090/AIMS/M1.01.X0.732.Z0.0090-0091.mod.txt
0.584682299725587 M1.02.X0.713.Z0.0175/AIMS/M1.02.X0.713.Z0.0175-0076.mod.txt
0.018493473957619 M1.02.X0.713.Z0.0175/AIMS/M1.02.X0.713.Z0.0175-0077.mod.txt
0.081978913012514 M1.01.X0.713.Z0.0175/AIMS/M1.01.X0.713.Z0.0175-0076.mod.txt
0.214619794844034 M1.01.X0.713.Z0.0175/AIMS/M1.01.X0.713.Z0.0175-0077.mod.txt

6 2.008586319572864e+33 6.980202114627419e+10 3.941707968841107e+33 0.01750 0.71301 3.810908136589002e+03 5804.71929
0.000130708626859 M1.01.X0.732.Z0.0090/AIMS/M1.01.X0.732.Z0.0090-0092.mod.txt
0.000248528832747 M1.01.X0.732.Z0.0090/AIMS/M1.01.X0.732.Z0.0090-0093.mod.txt
0.007110818034504 M1.02.X0.713.Z0.0175/AIMS/M1.02.X0.713.Z0.0175-0078.mod.txt
0.008093344752848 M1.02.X0.713.Z0.0175/AIMS/M1.02.X0.713.Z0.0175-0079.mod.txt
0.815593621738664 M1.01.X0.713.Z0.0175/AIMS/M1.01.X0.713.Z0.0175-0079.mod.txt
0.168822978014377 M1.01.X0.713.Z0.0175/AIMS/M1.01.X0.713.Z0.0175-0080.mod.txt

6 2.008145014161157e+33 6.979700475249570e+10 3.939922213667543e+33 0.01750 0.71301 3.820947303703046e+03 5804.27031
0.002639189115139 M1.00.X0.713.Z0.0175/AIMS/M1.00.X0.713.Z0.0175-0079.mod.txt
0.004350643858264 M1.00.X0.713.Z0.0175/AIMS/M1.00.X0.713.Z0.0175-0080.mod.txt
0.000121884425906 M1.01.X0.732.Z0.0090/AIMS/M1.01.X0.732.Z0.0090-0092.mod.txt
0.000297368957804 M1.01.X0.732.Z0.0090/AIMS/M1.01.X0.732.Z0.0090-0093.mod.txt
0.772371513983401 M1.01.X0.713.Z0.0175/AIMS/M1.01.X0.713.Z0.0175-0079.mod.txt
0.220219399659486 M1.01.X0.713.Z0.0175/AIMS/M1.01.X0.713.Z0.0175-0080.mod.txt

6 2.008534583259605e+33 6.980143602501295e+10 3.941183976607467e+33 0.01750 0.71300 3.812701161619475e+03 5804.55070
0.000005745352844 M1.01.X0.732.Z0.0090/AIMS/M1.01.X0.732.Z0.0090-0092.mod.txt
0.000011423282319 M1.01.X0.732.Z0.0090/AIMS/M1.01.X0.732.Z0.0090-0093.mod.txt
0.005773651974322 M1.02.X0.713.Z0.0175/AIMS/M1.02.X0.713.Z0.0175-0078.mod.txt
0.006828604091131 M1.02.X0.713.Z0.0175/AIMS/M1.02.X0.713.Z0.0175-0079.mod.txt
0.808812240479382 M1.01.X0.713.Z0.0175/AIMS/M1.01.X0.713.Z0.0175-0079.mod.txt
0.178568334820002 M1.01.X0.713.Z0.0175/AIMS/M1.01.X0.713.Z0.0175-0080.mod.txt

6 2.026600256094123e+33 6.998020078029370e+10 4.025366337704099e+33 0.01737 0.71329 3.369661490474004e+03 5827.84332
0.000046634970673 M1.01.X0.732.Z0.0090/AIMS/M1.01.X0.732.Z0.0090-0089.mod.txt
0.015083162015902 M1.01.X0.732.Z0.0090/AIMS/M1.01.X0.732.Z0.0090-0090.mod.txt
0.919532800012891 M1.02.X0.713.Z0.0175/AIMS/M1.02.X0.713.Z0.0175-0076.mod.txt
0.001622706631841 M1.02.X0.713.Z0.0175/AIMS/M1.02.X0.713.Z0.0175-0077.mod.txt
0.019407299585119 M1.01.X0.713.Z0.0175/AIMS/M1.01.X0.713.Z0.0175-0076.mod.txt
0.044307396783575 M1.01.X0.713.Z0.0175/AIMS/M1.01.X0.713.Z0.0175-0077.mod.txt

6 2.011885372805595e+33 6.983686182045670e+10 3.954634471659955e+33 0.01750 0.71300 3.735615222066760e+03 5808.02316
0.000056405808710 M1.01.X0.732.Z0.0090/AIMS/M1.01.X0.732.Z0.0090-0092.mod.txt
0.000014438108708 M1.01.X0.732.Z0.0090/AIMS/M1.01.X0.732.Z0.0090-0093.mod.txt
0.162614240690392 M1.02.X0.713.Z0.0175/AIMS/M1.02.X0.713.Z0.0175-0078.mod.txt
0.018504890550578 M1.02.X0.713.Z0.0175/AIMS/M1.02.X0.713.Z0.0175-0079.mod.txt
0.203760411648230 M1.01.X0.713.Z0.0175/AIMS/M1.01.X0.713.Z0.0175-0078.mod.txt
0.615049613193383 M1.01.X0.713.Z0.0175/AIMS/M1.01.X0.713.Z0.0175-0079.mod.txt

6 2.007940906533001e+33 6.979481765765965e+10 3.938956163040917e+33 0.01750 0.71300 3.826089252121297e+03 5804.00542
0.006154329012424 M1.00.X0.713.Z0.0175/AIMS/M1.00.X0.713.Z0.0175-0079.mod.txt
0.011100421892792 M1.00.X0.713.Z0.0175/AIMS/M1.00.X0.713.Z0.0175-0080.mod.txt
0.000068660645201 M1.01.X0.732.Z0.0090/AIMS/M1.01.X0.732.Z0.0090-0092.mod.txt
0.000187038536199 M1.01.X0.732.Z0.0090/AIMS/M1.01.X0.732.Z0.0090-0093.mod.txt
0.744149042827265 M1.01.X0.713.Z0.0175/AIMS/M1.01.X0.713.Z0.0175-0079.mod.txt
0.238340507086119 M1.01.X0.713.Z0.0175/AIMS/M1.01.X0.713.Z0.0175-0080.mod.txt

6 2.004478973512158e+33 6.975775654045006e+10 3.924902032267698e+33 0.01750 0.71300 3.908861669400096e+03 5800.36153
0.004866912612010 M1.00.X0.713.Z0.0175/AIMS/M1.00.X0.713.Z0.0175-0079.mod.txt
0.186494306852982 M1.00.X0.713.Z0.0175/AIMS/M1.00.X0.713.Z0.0175-0080.mod.txt
0.000138387696196 M1.01.X0.732.Z0.0090/AIMS/M1.01.X0.732.Z0.0090-0093.mod.txt
0.000012633142530 M1.01.X0.732.Z0.0090/AIMS/M1.01.X0.732.Z0.0090-0094.mod.txt
0.346806291265847 M1.01.X0.713.Z0.0175/AIMS/M1.01.X0.713.Z0.0175-0079.mod.txt
0.461681468430435 M1.01.X0.713.Z0.0175/AIMS/M1.01.X0.713.Z0.0175-0080.mod.txt

6 2.027778081480634e+33 6.999943531074216e+10 4.030702182722885e+33 0.01738 0.71328 3.346973145799214e+03 5828.97263
0.001940989341324 M1.01.X0.732.Z0.0090/AIMS/M1.01.X0.732.Z0.0090-0089.mod.txt
0.012652866107270 M1.01.X0.732.Z0.0090/AIMS/M1.01.X0.732.Z0.0090-0090.mod.txt
0.119486306286568 M1.02.X0.713.Z0.0175/AIMS/M1.02.X0.713.Z0.0175-0075.mod.txt
0.860904031705496 M1.02.X0.713.Z0.0175/AIMS/M1.02.X0.713.Z0.0175-0076.mod.txt
0.002135987466825 M1.01.X0.713.Z0.0175/AIMS/M1.01.X0.713.Z0.0175-0076.mod.txt
0.002879819092516 M1.01.X0.713.Z0.0175/AIMS/M1.01.X0.713.Z0.0175-0077.mod.txt

6 2.010893903663254e+33 6.982592385857243e+10 3.950768149290672e+33 0.01750 0.71301 3.757848408112653e+03 5807.05783
0.000175660492857 M1.01.X0.732.Z0.0090/AIMS/M1.01.X0.732.Z0.0090-0092.mod.txt
0.000089270078961 M1.01.X0.732.Z0.0090/AIMS/M1.01.X0.732.Z0.0090-0093.mod.txt
0.101196737081485 M1.02.X0.713.Z0.0175/AIMS/M1.02.X0.713.Z0.0175-0078.mod.txt
0.030059733611235 M1.02.X0.713.Z0.0175/AIMS/M1.02.X0.713.Z0.0175-0079.mod.txt
0.108687596276489 M1.01.X0.713.Z0.0175/AIMS/M1.01.X0.713.Z0.0175-0078.mod.txt
0.759791002458973 M1.01.X0.713.Z0.0175/AIMS/M1.01.X0.713.Z0.0175-0079.mod.txt

6 2.006774326052436e+33 6.978253412227480e+10 3.934134990998373e+33 0.01750 0.71300 3.854266358040074e+03 5802.73927
0.018435935347349 M1.00.X0.713.Z0.0175/AIMS/M1.00.X0.713.Z0.0175-0079.mod.txt
0.057488121560934 M1.00.X0.713.Z0.0175/AIMS/M1.00.X0.713.Z0.0175-0080.mod.txt
0.000013856501282 M1.01.X0.732.Z0.0090/AIMS/M1.01.X0.732.Z0.0090-0092.mod.txt
0.000080016185624 M1.01.X0.732.Z0.0090/AIMS/M1.01.X0.732.Z0.0090-0093.mod.txt
0.595520938414867 M1.01.X0.713.Z0.0175/AIMS/M1.01.X0.713.Z0.0175-0079.mod.txt
0.328461131989944 M1.01.X0.713.Z0.0175/AIMS/M1.01.X0.713.Z0.0175-0080.mod.txt

6 2.008139231492640e+33 6.979675428323915e+10 3.939573112390821e+33 0.01750 0.71300 3.821594571478502e+03 5804.15214
0.002730074752902 M1.00.X0.713.Z0.0175/AIMS/M1.00.X0.713.Z0.0175-0079.mod.txt
0.004550578403392 M1.00.X0.713.Z0.0175/AIMS/M1.00.X0.713.Z0.0175-0080.mod.txt
0.000020855703617 M1.01.X0.732.Z0.0090/AIMS/M1.01.X0.732.Z0.0090-0092.mod.txt
0.000051570517554 M1.01.X0.732.Z0.0090/AIMS/M1.01.X0.732.Z0.0090-0093.mod.txt
0.769857111258304 M1.01.X0.713.Z0.0175/AIMS/M1.01.X0.713.Z0.0175-0079.mod.txt
0.222789809364231 M1.01.X0.713.Z0.0175/AIMS/M1.01.X0.713.Z0.0175-0080.mod.txt

6 2.015559474455842e+33 6.985259168469534e+10 4.018587277920720e+33 0.01698 0.71415 3.539146293400622e+03 5830.70678
0.055343429360370 M1.01.X0.732.Z0.0090/AIMS/M1.01.X0.732.Z0.0090-0091.mod.txt
0.005253776600584 M1.01.X0.732.Z0.0090/AIMS/M1.01.X0.732.Z0.0090-0092.mod.txt
0.351669480056354 M1.02.X0.713.Z0.0175/AIMS/M1.02.X0.713.Z0.0175-0077.mod.txt
0.014226439066639 M1.02.X0.713.Z0.0175/AIMS/M1.02.X0.713.Z0.0175-0078.mod.txt
0.165913956178297 M1.01.X0.713.Z0.0175/AIMS/M1.01.X0.713.Z0.0175-0077.mod.txt
0.407592918737756 M1.01.X0.713.Z0.0175/AIMS/M1.01.X0.713.Z0.0175-0078.mod.txt

6 2.009689718355533e+33 6.981299116040578e+10 3.945816651614942e+33 0.01750 0.71300 3.785660248409988e+03 5805.77515
0.000068203231209 M1.01.X0.732.Z0.0090/AIMS/M1.01.X0.732.Z0.0090-0092.mod.txt
0.000069053746030 M1.01.X0.732.Z0.0090/AIMS/M1.01.X0.732.Z0.0090-0093.mod.txt
0.043316494175043 M1.02.X0.713.Z0.0175/AIMS/M1.02.X0.713.Z0.0175-0078.mod.txt
0.027379460136619 M1.02.X0.713.Z0.0175/AIMS/M1.02.X0.713.Z0.0175-0079.mod.txt
0.901897616072265 M1.01.X0.713.Z0.0175/AIMS/M1.01.X0.713.Z0.0175-0079.mod.txt
0.027269172638835 M1.01.X0.713.Z0.0175/AIMS/M1.01.X0.713.Z0.0175-0080.mod.txt

6 2.007572864180680e+33 6.979076349708014e+10 3.937557893671846e+33 0.01750 0.71301 3.834594582340789e+03 5803.65882
0.011544492292587 M1.00.X0.713.Z0.0175/AIMS/M1.00.X0.713.Z0.0175-0079.mod.txt
0.024219731169467 M1.00.X0.713.Z0.0175/AIMS/M1.00.X0.713.Z0.0175-0080.mod.txt
0.000088092602469 M1.01.X0.732.Z0.0090/AIMS/M1.01.X0.732.Z0.0090-0092.mod.txt
0.000290733699863 M1.01.X0.732.Z0.0090/AIMS/M1.01.X0.732.Z0.0090-0093.mod.txt
0.697655695969277 M1.01.X0.713.Z0.0175/AIMS/M1.01.X0.713.Z0.0175-0079.mod.txt
0.266201254266337 M1.01.X0.713.Z0.0175/AIMS/M1.01.X0.713.Z0.0175-0080.mod.txt

6 2.007334631450580e+33 6.978846609471713e+10 3.936372190799875e+33 0.01750 0.71300 3.840908832229846e+03 5803.31739
0.014159288191102 M1.00.X0.713.Z0.0175/AIMS/M1.00.X0.713.Z0.0175-0079.mod.txt
0.033586062312790 M1.00.X0.713.Z0.0175/AIMS/M1.00.X0.713.Z0.0175-0080.mod.txt
0.000015525752260 M1.01.X0.732.Z0.0090/AIMS/M1.01.X0.732.Z0.0090-0092.mod.txt
0.000060328579741 M1.01.X0.732.Z0.0090/AIMS/M1.01.X0.732.Z0.0090-0093.mod.txt
0.664431671840471 M1.01.X0.713.Z0.0175/AIMS/M1.01.X0.713.Z0.0175-0079.mod.txt
0.287747123323637 M1.01.X0.713.Z0.0175/AIMS/M1.01.X0.713.Z0.0175-0080.mod.txt

6 2.023801542467949e+33 6.993238603654085e+10 4.055655617617656e+33 0.01694 0.71425 3.341306374690934e+03 5840.77130
0.008086417588256 M1.01.X0.732.Z0.0090/AIMS/M1.01.X0.732.Z0.0090-0089.mod.txt
0.057642629424541 M1.01.X0.732.Z0.0090/AIMS/M1.01.X0.732.Z0.0090-0090.mod.txt
0.087705782344059 M1.02.X0.713.Z0.0175/AIMS/M1.02.X0.713.Z0.0175-0075.mod.txt
0.692697681141631 M1.02.X0.713.Z0.0175/AIMS/M1.02.X0.713.Z0.0175-0076.mod.txt
0.064092343401330 M1.01.X0.713.Z0.0175/AIMS/M1.01.X0.713.Z0.0175-0076.mod.txt
0.089775146100183 M1.01.X0.713.Z0.0175/AIMS/M1.01.X0.713.Z0.0175-0077.mod.txt

6 2.013348247921576e+33 6.985235573560876e+10 3.960552039818731e+33 0.01750 0.71300 3.701970339057754e+03 5809.55026
0.000129920622913 M1.01.X0.732.Z0.0090/AIMS/M1.01.X0.732.Z0.0090-0092.mod.txt
0.000000207412207 M1.01.X0.732.Z0.0090/AIMS/M1.01.X0.732.Z0.0090-0093.mod.txt
0.022917552955952 M1.02.X0.713.Z0.0175/AIMS/M1.02.X0.713.Z0.0175-0077.mod.txt
0.231772042778118 M1.02.X0.713.Z0.0175/AIMS/M1.02.X0.713.Z0.0175-0078.mod.txt
0.325422226609522 M1.01.X0.713.Z0.0175/AIMS/M1.01.X0.713.Z0.0175-0078.mod.txt
0.419758049621288 M1.01.X0.713.Z0.0175/AIMS/M1.01.X0.713.Z0.0175-0079.mod.txt

6 2.008656864936947e+33 6.980257054549742e+10 3.941701187566009e+33 0.01750 0.71300 3.809716503952793e+03 5804.69395
0.000026982929836 M1.01.X0.732.Z0.0090/AIMS/M1.01.X0.732.Z0.0090-0092.mod.txt
0.000049547588771 M1.01.X0.732.Z0.0090/AIMS/M1.01.X0.732.Z0.0090-0093.mod.txt
0.008911507695583 M1.02.X0.713.Z0.0175/AIMS/M1.02.X0.713.Z0.0175-0078.mod.txt
0.009840500801054 M1.02.X0.713.Z0.0175/AIMS/M1.02.X0.713.Z0.0175-0079.mod.txt
0.820156771696059 M1.01.X0.713.Z0.0175/AIMS/M1.01.X0.713.Z0.0175-0079.mod.txt
0.161014689288698 M1.01.X0.713.Z0.0175/AIMS/M1.01.X0.713.Z0.0175-0080.mod.txt

6 2.005748218596203e+33 6.977122469085666e+10 3.929911149817259e+33 0.01750 0.71300 3.878672284787597e+03 5801.65127
0.018591932434120 M1.00.X0.713.Z0.0175/AIMS/M1.00.X0.713.Z0.0175-0079.mod.txt
0.108936804429538 M1.00.X0.713.Z0.0175/AIMS/M1.00.X0.713.Z0.0175-0080.mod.txt
0.000002244861496 M1.01.X0.732.Z0.0090/AIMS/M1.01.X0.732.Z0.0090-0092.mod.txt
0.000048133879634 M1.01.X0.732.Z0.0090/AIMS/M1.01.X0.732.Z0.0090-0093.mod.txt
0.478346134962803 M1.01.X0.713.Z0.0175/AIMS/M1.01.X0.713.Z0.0175-0079.mod.txt
0.394074749432409 M1.01.X0.713.Z0.0175/AIMS/M1.01.X0.713.Z0.0175-0080.mod.txt

6 2.026385319331137e+33 6.997677744692053e+10 4.036232788051259e+33 0.01726 0.71355 3.351595229969065e+03 5831.91505
0.002695470514281 M1.01.X0.732.Z0.0090/AIMS/M1.01.X0.732.Z0.0090-0089.mod.txt
0.026022159319924 M1.01.X0.732.Z0.0090/AIMS/M1.01.X0.732.Z0.0090-0090.mod.txt
0.077044098254256 M1.02.X0.713.Z0.0175/AIMS/M1.02.X0.713.Z0.0175-0075.mod.txt
0.833301874947131 M1.02.X0.713.Z0.0175/AIMS/M1.02.X0.713.Z0.0175-0076.mod.txt
0.023723881959538 M1.01.X0.713.Z0.0175/AIMS/M1.01.X0.713.Z0.0175-0076.mod.txt
0.037212515004871 M1.01.X0.713.Z0.0175/AIMS/M1.01.X0.713.Z0.0175-0077.mod.txt

6 2.011425424936477e+33 6.983208175387584e+10 3.952831039811694e+33 0.01750 0.71300 3.746163684893824e+03 5807.55964
0.000073499708194 M1.01.X0.732.Z0.0090/AIMS/M1.01.X0.732.Z0.0090-0092.mod.txt
0.000026815332154 M1.01.X0.732.Z0.0090/AIMS/M1.01.X0.732.Z0.0090-0093.mod.txt
0.132287744117600 M1.02.X0.713.Z0.0175/AIMS/M1.02.X0.713.Z0.0175-0078.mod.txt
0.025699830639845 M1.02.X0.713.Z0.0175/AIMS/M1.02.X0.713.Z0.0175-0079.mod.txt
0.159835661785873 M1.01.X0.713.Z0.0175/AIMS/M1.01.X0.713.Z0.0175-0078.mod.txt
0.682076448416333 M1.01.X0.713.Z0.0175/AIMS/M1.01.X0.713.Z0.0175-0079.mod.txt

6 2.007339879301882e+33 6.978839307494827e+10 3.936404439766281e+33 0.01750 0.71300 3.840664763965422e+03 5803.33231
0.014141931043804 M1.00.X0.713.Z0.0175/AIMS/M1.00.X0.713.Z0.0175-0079.mod.txt
0.033339496139755 M1.00.X0.713.Z0.0175/AIMS/M1.00.X0.713.Z0.0175-0080.mod.txt
0.000022809600452 M1.01.X0.732.Z0.0090/AIMS/M1.01.X0.732.Z0.0090-0092.mod.txt
0.000087894639161 M1.01.X0.732.Z0.0090/AIMS/M1.01.X0.732.Z0.0090-0093.mod.txt
0.665803038119941 M1.01.X0.713.Z0.0175/AIMS/M1.01.X0.713.Z0.0175-0079.mod.txt
0.286604830456886 M1.01.X0.713.Z0.0175/AIMS/M1.01.X0.713.Z0.0175-0080.mod.txt

6 2.007501073722498e+33 6.979056115779230e+10 3.937071640013210e+33 0.01750 0.71300 3.837122387355405e+03 5803.48805
0.012250145164670 M1.00.X0.713.Z0.0175/AIMS/M1.00.X0.713.Z0.0175-0079.mod.txt
0.027124541895364 M1.00.X0.713.Z0.0175/AIMS/M1.00.X0.713.Z0.0175-0080.mod.txt
0.000011913504669 M1.01.X0.732.Z0.0090/AIMS/M1.01.X0.732.Z0.0090-0092.mod.txt
0.000042204391133 M1.01.X0.732.Z0.0090/AIMS/M1.01.X0.732.Z0.0090-0093.mod.txt
0.684155020879902 M1.01.X0.713.Z0.0175/AIMS/M1.01.X0.713.Z0.0175-0079.mod.txt
0.276416174164261 M1.01.X0.713.Z0.0175/AIMS/M1.01.X0.713.Z0.0175-0080.mod.txt

6 2.021798575718313e+33 6.990319317667564e+10 4.062607203052925e+33 0.01678 0.71460 3.352283682360169e+03 5844.49254
0.003201987197924 M1.01.X0.732.Z0.0090/AIMS/M1.01.X0.732.Z0.0090-0089.mod.txt
0.081097209932712 M1.01.X0.732.Z0.0090/AIMS/M1.01.X0.732.Z0.0090-0090.mod.txt
0.021381805480848 M1.02.X0.713.Z0.0175/AIMS/M1.02.X0.713.Z0.0175-0075.mod.txt
0.658289071521421 M1.02.X0.713.Z0.0175/AIMS/M1.02.X0.713.Z0.0175-0076.mod.txt
0.079582384923698 M1.01.X0.713.Z0.0175/AIMS/M1.01.X0.713.Z0.0175-0076.mod.txt
0.156447540943396 M1.01.X0.713.Z0.0175/AIMS/M1.01.X0.713.Z0.0175-0077.mod.txt

6 2.010437365558442e+33 6.982108939082590e+10 3.949286915652443e+33 0.01749 0.71301 3.767656978981168e+03 5806.71447
0.000401049548028 M1.01.X0.732.Z0.0090/AIMS/M1.01.X0.732.Z0.0090-0092.mod.txt
0.000263440869519 M1.01.X0.732.Z0.0090/AIMS/M1.01.X0.732.Z0.0090-0093.mod.txt
0.077356659954944 M1.02.X0.713.Z0.0175/AIMS/M1.02.X0.713.Z0.0175-0078.mod.txt
0.030939737069909 M1.02.X0.713.Z0.0175/AIMS/M1.02.X0.713.Z0.0175-0079.mod.txt
0.062258604246786 M1.01.X0.713.Z0.0175/AIMS/M1.01.X0.713.Z0.0175-0078.mod.txt
0.828780508310814 M1.01.X0.713.Z0.0175/AIMS/M1.01.X0.713.Z0.0175-0079.mod.txt

6 2.008114645638168e+33 6.979689490785416e+10 3.939479863334811e+33 0.01750 0.71300 3.822470303243426e+03 5804.11195
0.003156043219296 M1.00.X0.713.Z0.0175/AIMS/M1.00.X0.713.Z0.0175-0079.mod.txt
0.005361074153057 M1.00.X0.713.Z0.0175/AIMS/M1.00.X0.713.Z0.0175-0080.mod.txt
0.000003086156859 M1.01.X0.732.Z0.0090/AIMS/M1.01.X0.732.Z0.0090-0092.mod.txt
0.000007808979807 M1.01.X0.732.Z0.0090/AIMS/M1.01.X0.732.Z0.0090-0093.mod.txt
0.764596854009441 M1.01.X0.713.Z0.0175/AIMS/M1.01.X0.713.Z0.0175-0079.mod.txt
0.226875133481539 M1.01.X0.713.Z0.0175/AIMS/M1.01.X0.713.Z0.0175-0080.mod.txt

6 2.009228920520669e+33 6.980936918628157e+10 3.944106964785264e+33 0.01750 0.71300 3.796904137281860e+03 5805.29675
0.000035634333053 M1.01.X0.732.Z0.0090/AIMS/M1.01.X0.732.Z0.0090-0092.mod.txt
0.000047617072787 M1.01.X0.732.Z0.0090/AIMS/M1.01.X0.732.Z0.0090-0093.mod.txt
0.025999552435560 M1.02.X0.713.Z0.0175/AIMS/M1.02.X0.713.Z0.0175-0078.mod.txt
0.021522099177210 M1.02.X0.713.Z0.0175/AIMS/M1.02.X0.713.Z0.0175-0079.mod.txt
0.863202023139538 M1.01.X0.713.Z0.0175/AIMS/M1.01.X0.713.Z0.0175-0079.mod.txt
0.089193073841853 M1.01.X0.713.Z0.0175/AIMS/M1.01.X0.713.Z0.0175-0080.mod.txt

6 2.019268244403258e+33 6.988907317697511e+10 4.030414573099240e+33 0.01701 0.71409 3.459412926043715e+03 5833.46907
0.023349707793023 M1.01.X0.732.Z0.0090/AIMS/M1.01.X0.732.Z0.0090-0090.mod.txt
0.033972920160850 M1.01.X0.732.Z0.0090/AIMS/M1.01.X0.732.Z0.0090-0091.mod.txt
0.238185182970076 M1.02.X0.713.Z0.0175/AIMS/M1.02.X0.713.Z0.0175-0076.mod.txt
0.314231051351885 M1.02.X0.713.Z0.0175/AIMS/M1.02.X0.713.Z0.0175-0077.mod.txt
0.292704728001152 M1.01.X0.713.Z0.0175/AIMS/M1.01.X0.713.Z0.0175-0077.mod.txt
0.097556409723013 M1.01.X0.713.Z0.0175/AIMS/M1.01.X0.713.Z0.0175-0078.mod.txt

6 2.010193648713962e+33 6.981852979627264e+10 3.947815311273483e+33 0.01750 0.71300 3.774268101420484e+03 5806.27989
0.000046478527085 M1.01.X0.732.Z0.0090/AIMS/M1.01.X0.732.Z0.0090-0092.mod.txt
0.000035799022716 M1.01.X0.732.Z0.0090/AIMS/M1.01.X0.732.Z0.0090-0093.mod.txt
0.065065863148717 M1.02.X0.713.Z0.0175/AIMS/M1.02.X0.713.Z0.0175-0078.mod.txt
0.030973601444017 M1.02.X0.713.Z0.0175/AIMS/M1.02.X0.713.Z0.0175-0079.mod.txt
0.030704779673331 M1.01.X0.713.Z0.0175/AIMS/M1.01.X0.713.Z0.0175-0078.mod.txt
0.873173478184133 M1.01.X0.713.Z0.0175/AIMS/M1.01.X0.713.Z0.0175-0079.mod.txt

6 2.008974713592244e+33 6.980565929085837e+10 3.943036942833331e+33 0.01750 0.71300 3.802083059319606e+03 5805.05722
0.000078282811024 M1.01.X0.732.Z0.0090/AIMS/M1.01.X0.732.Z0.0090-0092.mod.txt
0.000118243487811 M1.01.X0.732.Z0.0090/AIMS/M1.01.X0.732.Z0.0090-0093.mod.txt
0.018022212547864 M1.02.X0.713.Z0.0175/AIMS/M1.02.X0.713.Z0.0175-0078.mod.txt
0.016714942563999 M1.02.X0.713.Z0.0175/AIMS/M1.02.X0.713.Z0.0175-0079.mod.txt
0.847923959718064 M1.01.X0.713.Z0.0175/AIMS/M1.01.X0.713.Z0.0175-0079.mod.txt
0.117142358871238 M1.01.X0.713.Z0.0175/AIMS/M1.01.X0.713.Z0.0175-0080.mod.txt

6 2.007465403345939e+33 6.979024478896806e+10 3.936896220986179e+33 0.01750 0.71300 3.838084287407427e+03 5803.43656
0.012641386478630 M1.00.X0.713.Z0.0175/AIMS/M1.00.X0.713.Z0.0175-0079.mod.txt
0.028527224166151 M1.00.X0.713.Z0.0175/AIMS/M1.00.X0.713.Z0.0175-0080.mod.txt
0.000001406945339 M1.01.X0.732.Z0.0090/AIMS/M1.01.X0.732.Z0.0090-0092.mod.txt
0.000005111670187 M1.01.X0.732.Z0.0090/AIMS/M1.01.X0.732.Z0.0090-0093.mod.txt
0.679057266942737 M1.01.X0.713.Z0.0175/AIMS/M1.01.X0.713.Z0.0175-0079.mod.txt
0.279767603796955 M1.01.X0.713.Z0.0175/AIMS/M1.01.X0.713.Z0.0175-0080.mod.txt

6 2.029087599740915e+33 7.001468439752370e+10 4.039863273383912e+33 0.01734 0.71336 3.312615814404117e+03 5831.64671
0.018086494679377 M1.03.X0.713.Z0.0175/AIMS/M1.03.X0.713.Z0.0175-0075.mod.txt
0.028161732081581 M1.03.X0.713.Z0.0175/AIMS/M1.03.X0.713.Z0.0175-0076.mod.txt
0.316200420669841 M1.02.X0.713.Z0.0175/AIMS/M1.02.X0.713.Z0.0175-0075.mod.txt
0.618802447469632 M1.02.X0.713.Z0.0175/AIMS/M1.02.X0.713.Z0.0175-0076.mod.txt
0.009617125976169 M1.02.X0.732.Z0.0090/AIMS/M1.02.X0.732.Z0.0090-0088.mod.txt
0.009131779123399 M1.02.X0.732.Z0.0090/AIMS/M1.02.X0.732.Z0.0090-0089.mod.txt

6 2.016415058745924e+33 6.988447841987720e+10 3.973513486510197e+33 0.01749 0.71302 3.630304741585734e+03 5812.96115
0.000393701250081 M1.01.X0.732.Z0.0090/AIMS/M1.01.X0.732.Z0.0090-0091.mod.txt
0.000525990682116 M1.01.X0.732.Z0.0090/AIMS/M1.01.X0.732.Z0.0090-0092.mod.txt
0.204094937181894 M1.02.X0.713.Z0.0175/AIMS/M1.02.X0.713.Z0.0175-0077.mod.txt
0.204829763377571 M1.02.X0.713.Z0.0175/AIMS/M1.02.X0.713.Z0.0175-0078.mod.txt
0.494425251561365 M1.01.X0.713.Z0.0175/AIMS/M1.01.X0.713.Z0.0175-0078.mod.txt
0.095730355946972 M1.01.X0.713.Z0.0175/AIMS/M1.01.X0.713.Z0.0175-0079.mod.txt

6 2.007987602275245e+33 6.979563335849626e+10 3.938973438627905e+33 0.01750 0.71300 3.825556127802295e+03 5803.97786
0.005335032846759 M1.00.X0.713.Z0.0175/AIMS/M1.00.X0.713.Z0.0175-0079.mod.txt
0.009571310180539 M1.00.X0.713.Z0.0175/AIMS/M1.00.X0.713.Z0.0175-0080.mod.txt
0.000000665368473 M1.01.X0.732.Z0.0090/AIMS/M1.01.X0.732.Z0.0090-0092.mod.txt
0.000001800544331 M1.01.X0.732.Z0.0090/AIMS/M1.01.X0.732.Z0.0090-0093.mod.txt
0.747320118167726 M1.01.X0.713.Z0.0175/AIMS/M1.01.X0.713.Z0.0175-0079.mod.txt
0.237771072892171 M1.01.X0.713.Z0.0175/AIMS/M1.01.X0.713.Z0.0175-0080.mod.txt

6 2.007120497307260e+33 6.978636783133508e+10 3.935499783619321e+33 0.01750 0.71300 3.846174085721480e+03 5803.08305
0.016089424570556 M1.00.X0.713.Z0.0175/AIMS/M1.00.X0.713.Z0.0175-0079.mod.txt
0.042425094275730 M1.00.X0.713.Z0.0175/AIMS/M1.00.X0.713.Z0.0175-0080.mod.txt
0.000006171717242 M1.01.X0.732.Z0.0090/AIMS/M1.01.X0.732.Z0.0090-0092.mod.txt
0.000027786195093 M1.01.X0.732.Z0.0090/AIMS/M1.01.X0.732.Z0.0090-0093.mod.txt
0.636787650752507 M1.01.X0.713.Z0.0175/AIMS/M1.01.X0.713.Z0.0175-0079.mod.txt
0.304663872488872 M1.01.X0.713.Z0.0175/AIMS/M1.01.X0.713.Z0.0175-0080.mod.txt

6 2.023467239343740e+33 6.994326875880292e+10 4.044945147221397e+33 0.01705 0.71400 3.376816778041714e+03 5836.45719
0.047699719092258 M1.01.X0.732.Z0.0090/AIMS/M1.01.X0.732.Z0.0090-0090.mod.txt
0.004950890829273 M1.01.X0.732.Z0.0090/AIMS/M1.01.X0.732.Z0.0090-0091.mod.txt
0.691649719183630 M1.02.X0.713.Z0.0175/AIMS/M1.02.X0.713.Z0.0175-0076.mod.txt
0.071941074607350 M1.02.X0.713.Z0.0175/AIMS/M1.02.X0.713.Z0.0175-0077.mod.txt
0.039393919631545 M1.01.X0.713.Z0.0175/AIMS/M1.01.X0.713.Z0.0175-0076.mod.txt
0.144364676655945 M1.01.X0.713.Z0.0175/AIMS/M1.01.X0.713.Z0.0175-0077.mod.txt

6 2.011109621990128e+33 6.982776623927809e+10 3.951610753961828e+33 0.01750 0.71301 3.752601981756353e+03 5807.29082
0.000220165107926 M1.01.X0.732.Z0.0090/AIMS/M1.01.X0.732.Z0.0090-0092.mod.txt
0.000096598071010 M1.01.X0.732.Z0.0090/AIMS/M1.01.X0.732.Z0.0090-0093.mod.txt
0.113893321335884 M1.02.X0.713.Z0.0175/AIMS/M1.02.X0.713.Z0.0175-0078.mod.txt
0.028211988970300 M1.02.X0.713.Z0.0175/AIMS/M1.02.X0.713.Z0.0175-0079.mod.txt
0.132820103506520 M1.01.X0.713.Z0.0175/AIMS/M1.01.X0.713.Z0.0175-0078.mod.txt
0.724757823008361 M1.01.X0.713.Z0.0175/AIMS/M1.01.X0.713.Z0.0175-0079.mod.txt

6 2.006178683224319e+33 6.977551383728503e+10 3.931776869426970e+33 0.01750 0.71300 3.867899657998936e+03 5802.16139
0.020086833685624 M1.00.X0.713.Z0.0175/AIMS/M1.00.X0.713.Z0.0175-0079.mod.txt
0.085793108764658 M1.00.X0.713.Z0.0175/AIMS/M1.00.X0.713.Z0.0175-0080.mod.txt
0.000023365967641 M1.01.X0.732.Z0.0090/AIMS/M1.01.X0.732.Z0.0090-0092.mod.txt
0.000232812067408 M1.01.X0.732.Z0.0090/AIMS/M1.01.X0.732.Z0.0090-0093.mod.txt
0.529037807391881 M1.01.X0.713.Z0.0175/AIMS/M1.01.X0.713.Z0.0175-0079.mod.txt
0.364826072122789 M1.01.X0.713.Z0.0175/AIMS/M1.01.X0.713.Z0.0175-0080.mod.txt

6 2.002864005976638e+33 6.974039996137738e+10 3.918350260159248e+33 0.01750 0.71300 3.947509714799516e+03 5798.66083
0.237685639102675 M1.00.X0.713.Z0.0175/AIMS/M1.00.X0.713.Z0.0175-0080.mod.txt
0.034895029945930 M1.00.X0.713.Z0.0175/AIMS/M1.00.X0.713.Z0.0175-0081.mod.txt
0.000075814848674 M1.01.X0.732.Z0.0090/AIMS/M1.01.X0.732.Z0.0090-0093.mod.txt
0.000024832072582 M1.01.X0.732.Z0.0090/AIMS/M1.01.X0.732.Z0.0090-0094.mod.txt
0.201771205035054 M1.01.X0.713.Z0.0175/AIMS/M1.01.X0.713.Z0.0175-0079.mod.txt
0.525547478995085 M1.01.X0.713.Z0.0175/AIMS/M1.01.X0.713.Z0.0175-0080.mod.txt

6 2.024031864994920e+33 6.994184458247992e+10 4.051842285044583e+33 0.01700 0.71412 3.350132064680434e+03 5839.00301
0.004111741163461 M1.01.X0.732.Z0.0090/AIMS/M1.01.X0.732.Z0.0090-0089.mod.txt
0.055012334126921 M1.01.X0.732.Z0.0090/AIMS/M1.01.X0.732.Z0.0090-0090.mod.txt
0.048700788151676 M1.02.X0.713.Z0.0175/AIMS/M1.02.X0.713.Z0.0175-0075.mod.txt
0.743285984877886 M1.02.X0.713.Z0.0175/AIMS/M1.02.X0.713.Z0.0175-0076.mod.txt
0.054586745035103 M1.01.X0.713.Z0.0175/AIMS/M1.01.X0.713.Z0.0175-0076.mod.txt
0.094302406644953 M1.01.X0.713.Z0.0175/AIMS/M1.01.X0.713.Z0.0175-0077.mod.txt

6 2.009417586539972e+33 6.981035323210327e+10 3.944661035669531e+33 0.01750 0.71300 3.792217066657875e+03 5805.45970
0.000009517450303 M1.01.X0.732.Z0.0090/AIMS/M1.01.X0.732.Z0.0090-0092.mod.txt
0.000011282571241 M1.01.X0.732.Z0.0090/AIMS/M1.01.X0.732.Z0.0090-0093.mod.txt
0.032794795789471 M1.02.X0.713.Z0.0175/AIMS/M1.02.X0.713.Z0.0175-0078.mod.txt
0.024215189121623 M1.02.X0.713.Z0.0175/AIMS/M1.02.X0.713.Z0.0175-0079.mod.txt
0.880664433110588 M1.01.X0.713.Z0.0175/AIMS/M1.01.X0.713.Z0.0175-0079.mod.txt
0.062304781956773 M1.01.X0.713.Z0.0175/AIMS/M1.01.X0.713.Z0.0175-0080.mod.txt

6 2.008108137908564e+33 6.979684664740706e+10 3.939452622203156e+33 0.01750 0.71300 3.822643210476406e+03 5804.10392
0.003270721209659 M1.00.X0.713.Z0.0175/AIMS/M1.00.X0.713.Z0.0175-0079.mod.txt
0.005573680894366 M1.00.X0.713.Z0.0175/AIMS/M1.00.X0.713.Z0.0175-0080.mod.txt
0.000001742978891 M1.01.X0.732.Z0.0090/AIMS/M1.01.X0.732.Z0.0090-0092.mod.txt
0.000004427562419 M1.01.X0.732.Z0.0090/AIMS/M1.01.X0.732.Z0.0090-0093.mod.txt
0.763614880169586 M1.01.X0.713.Z0.0175/AIMS/M1.01.X0.713.Z0.0175-0079.mod.txt
0.227534547185078 M1.01.X0.713.Z0.0175/AIMS/M1.01.X0.713.Z0.0175-0080.mod.txt

6 2.007563016782727e+33 6.979056582002440e+10 3.937307330011556e+33 0.01750 0.71300 3.835181876192177e+03 5803.57471
0.011616523533125 M1.00.X0.713.Z0.0175/AIMS/M1.00.X0.713.Z0.0175-0079.mod.txt
0.024642942231962 M1.00.X0.713.Z0.0175/AIMS/M1.00.X0.713.Z0.0175-0080.mod.txt
0.000034307973870 M1.01.X0.732.Z0.0090/AIMS/M1.01.X0.732.Z0.0090-0092.mod.txt
0.000114877592810 M1.01.X0.732.Z0.0090/AIMS/M1.01.X0.732.Z0.0090-0093.mod.txt
0.695149005215310 M1.01.X0.713.Z0.0175/AIMS/M1.01.X0.713.Z0.0175-0079.mod.txt
0.268442343452923 M1.01.X0.713.Z0.0175/AIMS/M1.01.X0.713.Z0.0175-0080.mod.txt

6 2.027745177252820e+33 6.998437302213834e+10 4.053726374384774e+33 0.01713 0.71383 3.294595111874900e+03 5837.90706
0.393453408877566 M1.02.X0.713.Z0.0175/AIMS/M1.02.X0.713.Z0.0175-0075.mod.txt
0.563087712005454 M1.02.X0.713.Z0.0175/AIMS/M1.02.X0.713.Z0.0175-0076.mod.txt
0.009296367220420 M1.01.X0.732.Z0.0090/AIMS/M1.01.X0.732.Z0.0090-0089.mod.txt
0.011968104072050 M1.01.X0.732.Z0.0090/AIMS/M1.01.X0.732.Z0.0090-0090.mod.txt
0.013096046726528 M1.02.X0.732.Z0.0090/AIMS/M1.02.X0.732.Z0.0090-0088.mod.txt
0.009098361097983 M1.02.X0.732.Z0.0090/AIMS/M1.02.X0.732.Z0.0090-0089.mod.txt

6 2.012148684347922e+33 6.983939086063289e+10 3.956023084435723e+33 0.01750 0.71301 3.728721190089387e+03 5808.42777
0.000419906879378 M1.01.X0.732.Z0.0090/AIMS/M1.01.X0.732.Z0.0090-0092.mod.txt
0.000081629966294 M1.01.X0.732.Z0.0090/AIMS/M1.01.X0.732.Z0.0090-0093.mod.txt
0.182102665448936 M1.02.X0.713.Z0.0175/AIMS/M1.02.X0.713.Z0.0175-0078.mod.txt
0.012258848729396 M1.02.X0.713.Z0.0175/AIMS/M1.02.X0.713.Z0.0175-0079.mod.txt
0.231056524449503 M1.01.X0.713.Z0.0175/AIMS/M1.01.X0.713.Z0.0175-0078.mod.txt
0.574080424526494 M1.01.X0.713.Z0.0175/AIMS/M1.01.X0.713.Z0.0175-0079.mod.txt

6 2.008256282452395e+33 6.979830678002216e+10 3.940117454601286e+33 0.01750 0.71300 3.818888853093685e+03 5804.28807
0.000537110868651 M1.00.X0.713.Z0.0175/AIMS/M1.00.X0.713.Z0.0175-0079.mod.txt
0.000856851493289 M1.00.X0.713.Z0.0175/AIMS/M1.00.X0.713.Z0.0175-0080.mod.txt
0.000031139284416 M1.01.X0.732.Z0.0090/AIMS/M1.01.X0.732.Z0.0090-0092.mod.txt
0.000073028358124 M1.01.X0.732.Z0.0090/AIMS/M1.01.X0.732.Z0.0090-0093.mod.txt
0.784631368104477 M1.01.X0.713.Z0.0175/AIMS/M1.01.X0.713.Z0.0175-0079.mod.txt
0.213870501891044 M1.01.X0.713.Z0.0175/AIMS/M1.01.X0.713.Z0.0175-0080.mod.txt

6 2.008608924435746e+33 6.980194910436647e+10 3.941618675931949e+33 0.01750 0.71300 3.810514467330082e+03 5804.68941
0.000077589107757 M1.01.X0.732.Z0.0090/AIMS/M1.01.X0.732.Z0.0090-0092.mod.txt
0.000145547712168 M1.01.X0.732.Z0.0090/AIMS/M1.01.X0.732.Z0.0090-0093.mod.txt
0.007690109773629 M1.02.X0.713.Z0.0175/AIMS/M1.02.X0.713.Z0.0175-0078.mod.txt
0.008650889811268 M1.02.X0.713.Z0.0175/AIMS/M1.02.X0.713.Z0.0175-0079.mod.txt
0.817589220733054 M1.01.X0.713.Z0.0175/AIMS/M1.01.X0.713.Z0.0175-0079.mod.txt
0.165846642862126 M1.01.X0.713.Z0.0175/AIMS/M1.01.X0.713.Z0.0175-0080.mod.txt

6 2.019053102933526e+33 6.990614008387923e+10 3.985639330655894e+33 0.01747 0.71307 3.562574037993098e+03 5816.48951
0.003113715459133 M1.01.X0.732.Z0.0090/AIMS/M1.01.X0.732.Z0.0090-0091.mod.txt
0.000587728420397 M1.01.X0.732.Z0.0090/AIMS/M1.01.X0.732.Z0.0090-0092.mod.txt
0.483365227325929 M1.02.X0.713.Z0.0175/AIMS/M1.02.X0.713.Z0.0175-0077.mod.txt
0.058231178504206 M1.02.X0.713.Z0.0175/AIMS/M1.02.X0.713.Z0.0175-0078.mod.txt
0.101098804658868 M1.01.X0.713.Z0.0175/AIMS/M1.01.X0.713.Z0.0175-0077.mod.txt
0.353603345631467 M1.01.X0.713.Z0.0175/AIMS/M1.01.X0.713.Z0.0175-0078.mod.txt

6 2.008872894097183e+33 6.980451517868253e+10 3.942473497084863e+33 0.01750 0.71300 3.804682419428786e+03 5804.89740
0.000010308421490 M1.01.X0.732.Z0.0090/AIMS/M1.01.X0.732.Z0.0090-0092.mod.txt
0.000016592642015 M1.01.X0.732.Z0.0090/AIMS/M1.01.X0.732.Z0.0090-0093.mod.txt
0.014938516809455 M1.02.X0.713.Z0.0175/AIMS/M1.02.X0.713.Z0.0175-0078.mod.txt
0.014677963636294 M1.02.X0.713.Z0.0175/AIMS/M1.02.X0.713.Z0.0175-0079.mod.txt
0.838859419704380 M1.01.X0.713.Z0.0175/AIMS/M1.01.X0.713.Z0.0175-0079.mod.txt
0.131497198786366 M1.01.X0.713.Z0.0175/AIMS/M1.01.X0.713.Z0.0175-0080.mod.txt

6 2.008427353385852e+33 6.980042435171178e+10 3.940776774253313e+33 0.01750 0.71300 3.815213848898013e+03 5804.44283
0.000006957754976 M1.01.X0.732.Z0.0090/AIMS/M1.01.X0.732.Z0.0090-0092.mod.txt
0.000014821493808 M1.01.X0.732.Z0.0090/AIMS/M1.01.X0.732.Z0.0090-0093.mod.txt
0.003198762822762 M1.02.X0.713.Z0.0175/AIMS/M1.02.X0.713.Z0.0175-0078.mod.txt
0.004010721478789 M1.02.X0.713.Z0.0175/AIMS/M1.02.X0.713.Z0.0175-0079.mod.txt
0.799159227730168 M1.01.X0.713.Z0.0175/AIMS/M1.01.X0.713.Z0.0175-0079.mod.txt
0.193609508719497 M1.01.X0.713.Z0.0175/AIMS/M1.01.X0.713.Z0.0175-0080.mod.txt

6 2.008694220449868e+33 6.980301814761667e+10 3.942073901648996e+33 0.01750 0.71301 3.808452218543902e+03 5804.81255
0.000117624526054 M1.01.X0.732.Z0.0090/AIMS/M1.01.X0.732.Z0.0090-0092.mod.txt
0.000209459283162 M1.01.X0.732.Z0.0090/AIMS/M1.01.X0.732.Z0.0090-0093.mod.txt
0.009942636234684 M1.02.X0.713.Z0.0175/AIMS/M1.02.X0.713.Z0.0175-0078.mod.txt
0.010688044205275 M1.02.X0.713.Z0.0175/AIMS/M1.02.X0.713.Z0.0175-0079.mod.txt
0.824811103592107 M1.01.X0.713.Z0.0175/AIMS/M1.01.X0.713.Z0.0175-0079.mod.txt
0.154231132158718 M1.01.X0.713.Z0.0175/AIMS/M1.01.X0.713.Z0.0175-0080.mod.txt

6 2.028429048454252e+33 6.999488935904959e+10 4.047198057760684e+33 0.01723 0.71361 3.299507882893184e+03 5835.11683
0.005986522838412 M1.03.X0.713.Z0.0175/AIMS/M1.03.X0.713.Z0.0175-0075.mod.txt
0.007142045570970 M1.03.X0.713.Z0.0175/AIMS/M1.03.X0.713.Z0.0175-0076.mod.txt
0.384707779133919 M1.02.X0.713.Z0.0175/AIMS/M1.02.X0.713.Z0.0175-0075.mod.txt
0.569844548344924 M1.02.X0.713.Z0.0175/AIMS/M1.02.X0.713.Z0.0175-0076.mod.txt
0.018787255907580 M1.02.X0.732.Z0.0090/AIMS/M1.02.X0.732.Z0.0090-0088.mod.txt
0.013531848204195 M1.02.X0.732.Z0.0090/AIMS/M1.02.X0.732.Z0.0090-0089.mod.txt

6 2.013428470722182e+33 6.985334370504529e+10 3.961183066861561e+33 0.01750 0.71301 3.699625960314843e+03 5809.74057
0.000005437711517 M1.01.X0.732.Z0.0090/AIMS/M1.01.X0.732.Z0.0090-0091.mod.txt
0.000459135094986 M1.01.X0.732.Z0.0090/AIMS/M1.01.X0.732.Z0.0090-0092.mod.txt
0.026554862153621 M1.02.X0.713.Z0.0175/AIMS/M1.02.X0.713.Z0.0175-0077.mod.txt
0.232169273944866 M1.02.X0.713.Z0.0175/AIMS/M1.02.X0.713.Z0.0175-0078.mod.txt
0.332705479065840 M1.01.X0.713.Z0.0175/AIMS/M1.01.X0.713.Z0.0175-0078.mod.txt
0.408105812029171 M1.01.X0.713.Z0.0175/AIMS/M1.01.X0.713.Z0.0175-0079.mod.txt

6 2.007943546992539e+33 6.979501455043950e+10 3.938847961499749e+33 0.01750 0.71300 3.826390275134908e+03 5803.95737
0.006077205766240 M1.00.X0.713.Z0.0175/AIMS/M1.00.X0.713.Z0.0175-0079.mod.txt
0.011044751961654 M1.00.X0.713.Z0.0175/AIMS/M1.00.X0.713.Z0.0175-0080.mod.txt
0.000023655015710 M1.01.X0.732.Z0.0090/AIMS/M1.01.X0.732.Z0.0090-0092.mod.txt
0.000065048403901 M1.01.X0.732.Z0.0090/AIMS/M1.01.X0.732.Z0.0090-0093.mod.txt
0.742682310496737 M1.01.X0.713.Z0.0175/AIMS/M1.01.X0.713.Z0.0175-0079.mod.txt
0.240107028355757 M1.01.X0.713.Z0.0175/AIMS/M1.01.X0.713.Z0.0175-0080.mod.txt

6 2.008239895437944e+33 6.979816377870451e+10 3.940162251538674e+33 0.01750 0.71300 3.819081602864788e+03 5804.31052
0.000853082352745 M1.00.X0.713.Z0.0175/AIMS/M1.00.X0.713.Z0.0175-0079.mod.txt
0.001365010689694 M1.00.X0.713.Z0.0175/AIMS/M1.00.X0.713.Z0.0175-0080.mod.txt
0.000067934730680 M1.01.X0.732.Z0.0090/AIMS/M1.01.X0.732.Z0.0090-0092.mod.txt
0.000159896808649 M1.01.X0.732.Z0.0090/AIMS/M1.01.X0.732.Z0.0090-0093.mod.txt
0.783183665481864 M1.01.X0.713.Z0.0175/AIMS/M1.01.X0.713.Z0.0175-0079.mod.txt
0.214370409936369 M1.01.X0.713.Z0.0175/AIMS/M1.01.X0.713.Z0.0175-0080.mod.txt

6 2.022968405885970e+33 6.991536362329291e+10 4.067807235103941e+33 0.01678 0.71461 3.325115023643414e+03 5845.85297
0.017312000827611 M1.01.X0.732.Z0.0090/AIMS/M1.01.X0.732.Z0.0090-0089.mod.txt
0.067475600404087 M1.01.X0.732.Z0.0090/AIMS/M1.01.X0.732.Z0.0090-0090.mod.txt
0.140028308025529 M1.02.X0.713.Z0.0175/AIMS/M1.02.X0.713.Z0.0175-0075.mod.txt
0.598475307241532 M1.02.X0.713.Z0.0175/AIMS/M1.02.X0.713.Z0.0175-0076.mod.txt
0.086991053625644 M1.01.X0.713.Z0.0175/AIMS/M1.01.X0.713.Z0.0175-0076.mod.txt
0.089717729875597 M1.01.X0.713.Z0.0175/AIMS/M1.01.X0.713.Z0.0175-0077.mod.txt

6 2.012631899389493e+33 6.984424662440988e+10 3.958050755504455e+33 0.01749 0.71301 3.717269541548813e+03 5808.96998
0.000588863385066 M1.01.X0.732.Z0.0090/AIMS/M1.01.X0.732.Z0.0090-0092.mod.txt
0.000060961363365 M1.01.X0.732.Z0.0090/AIMS/M1.01.X0.732.Z0.0090-0093.mod.txt
0.000567344494220 M1.02.X0.713.Z0.0175/AIMS/M1.02.X0.713.Z0.0175-0077.mod.txt
0.218095871633981 M1.02.X0.713.Z0.0175/AIMS/M1.02.X0.713.Z0.0175-0078.mod.txt
0.274045363186109 M1.01.X0.713.Z0.0175/AIMS/M1.01.X0.713.Z0.0175-0078.mod.txt
0.506641595937259 M1.01.X0.713.Z0.0175/AIMS/M1.01.X0.713.Z0.0175-0079.mod.txt

6 2.008411142909021e+33 6.980007427898695e+10 3.940822862967444e+33 0.01750 0.71300 3.815231291008250e+03 5804.47435
0.000057858675188 M1.01.X0.732.Z0.0090/AIMS/M1.01.X0.732.Z0.0090-0092.mod.txt
0.000123325281299 M1.01.X0.732.Z0.0090/AIMS/M1.01.X0.732.Z0.0090-0093.mod.txt
0.002836249912582 M1.02.X0.713.Z0.0175/AIMS/M1.02.X0.713.Z0.0175-0078.mod.txt
0.003557982084038 M1.02.X0.713.Z0.0175/AIMS/M1.02.X0.713.Z0.0175-0079.mod.txt
0.799566093158152 M1.01.X0.713.Z0.0175/AIMS/M1.01.X0.713.Z0.0175-0079.mod.txt
0.193858490888741 M1.01.X0.713.Z0.0175/AIMS/M1.01.X0.713.Z0.0175-0080.mod.txt

6 2.007713470234574e+33 6.979237838029298e+10 3.937842247794082e+33 0.01750 0.71300 3.831894021990113e+03 5803.69646
0.009556501203352 M1.00.X0.713.Z0.0175/AIMS/M1.00.X0.713.Z0.0175-0079.mod.txt
0.019136405929347 M1.00.X0.713.Z0.0175/AIMS/M1.00.X0.713.Z0.0175-0080.mod.txt
0.000007272555295 M1.01.X0.732.Z0.0090/AIMS/M1.01.X0.732.Z0.0090-0092.mod.txt
0.000022601027577 M1.01.X0.732.Z0.0090/AIMS/M1.01.X0.732.Z0.0090-0093.mod.txt
0.712914839862194 M1.01.X0.713.Z0.0175/AIMS/M1.01.X0.713.Z0.0175-0079.mod.txt
0.258362379422235 M1.01.X0.713.Z0.0175/AIMS/M1.01.X0.713.Z0.0175-0080.mod.txt

