1 15 2291.97523072 0.0374709166554
2 15 2352.12583878 0.181914651238 
0 16 2362.81127877 0.0828048649555
1 16 2425.50557371 0.070311213432 
2 16 2485.66413697 0.195711921502 
0 17 2496.335534 0.0958770832635
1 17 2559.09810377 0.113634689691 
2 17 2619.54841392 0.134368323019 
0 18 2629.92668482 0.079588943785 
1 18 2693.47662147 0.083833767613 
2 18 2754.51776963 0.207941778711 
0 19 2764.41171915 0.0991412851156
1 19 2828.25091429 0.0743005060315
2 19 2889.68848705 0.147776460938 
0 20 2899.06883805 0.0543683083022
1 20 2963.32266491 0.0573530272213
2 20 3024.69408173 0.0895113835929
0 21 3033.76622818 0.0622480495358
1 21 3098.09366263 0.0717213858297
2 21 3159.79800311 0.110338074609 
0 22 3168.49882044 0.065192230911 
1 22 3233.21083846 0.098407909285 
2 22 3295.1078659 0.113158802826 
0 23 3303.61982829 0.0932807904496
1 23 3368.6894165 0.122177957164 
2 23 3430.59949144 0.287070671172 
0 24 3439.12370562 0.171558542401 
1 24 3504.17471858 0.169627922303 
2 24 3566.98156059 0.326395010438 
0 25 3575.20183878 0.399696595232 
1 25 3640.74130645 0.241876958631 
2 25 3703.44025189 0.305378014492 
0 26 3710.27808252 1.06069080601  
1 26 3777.33814063 0.26654387587  
2 26 3840.02459315 0.382420722034 
0 27 3850.8260366 1.02787525114  
1 27 3913.77285254 0.317283888842 
Teff 5777.0 77.3
numax 3104.0 153.7339
Fe_H -0.02000000000000000 0.14999999999999999     
